    40
     1   -0.495763   -0.286229    0.000000       0.015625
     2   -0.330509   -0.190819    0.000000       0.015625
     3   -0.165254   -0.095410    0.000000       0.015625
     4    0.000000    0.000000    0.000000       0.015625
     5    0.165254    0.095410    0.000000       0.015625
     6    0.330509    0.190819    0.000000       0.015625
     7    0.495763    0.286229    0.000000       0.015625
     8    0.661018    0.381639    0.000000       0.015625
     9   -0.330509   -0.381639    0.000000       0.031250
    10   -0.165254   -0.286229    0.000000       0.031250
    11    0.000000   -0.190819    0.000000       0.031250
    12    0.165254   -0.095410    0.000000       0.031250
    13    0.330509    0.000000    0.000000       0.031250
    14    0.495763    0.095410    0.000000       0.031250
    15    0.661018    0.190819    0.000000       0.031250
    16    0.826272    0.286229    0.000000       0.031250
    17   -0.165254   -0.477048    0.000000       0.031250
    18    0.000000   -0.381639    0.000000       0.031250
    19    0.165254   -0.286229    0.000000       0.031250
    20    0.330509   -0.190819    0.000000       0.031250
    21    0.495763   -0.095410    0.000000       0.031250
    22    0.661018    0.000000    0.000000       0.031250
    23    0.826272    0.095410    0.000000       0.031250
    24    0.991526    0.190819    0.000000       0.031250
    25    0.000000   -0.572458    0.000000       0.031250
    26    0.165254   -0.477048    0.000000       0.031250
    27    0.330509   -0.381639    0.000000       0.031250
    28    0.495763   -0.286229    0.000000       0.031250
    29    0.661018   -0.190819    0.000000       0.031250
    30    0.826272   -0.095410    0.000000       0.031250
    31    0.991526    0.000000    0.000000       0.031250
    32    1.156781    0.095410    0.000000       0.031250
    33    0.165254   -0.667868    0.000000       0.015625
    34    0.330509   -0.572458    0.000000       0.015625
    35    0.495763   -0.477048    0.000000       0.015625
    36    0.661018   -0.381639    0.000000       0.015625
    37    0.826272   -0.286229    0.000000       0.015625
    38    0.991526   -0.190819    0.000000       0.015625
    39    1.156781   -0.095410    0.000000       0.015625
    40    1.322035    0.000000    0.000000       0.015625
