# datatype real
# transposed false
# num_rows 1847
# num_cols 2
   -1.317357913226074e+01    1.258243681481417e-02
   -1.312357337819271e+01    2.893762968480010e-02
   -1.307356762412468e+01    4.910523537005383e-02
   -1.302356187005665e+01    6.893025756177108e-02
   -1.297355611598862e+01    8.098197371936026e-02
   -1.292355036192059e+01    8.466308105666459e-02
   -1.287354460785256e+01    8.458029724112305e-02
   -1.282353885378453e+01    8.463829294055679e-02
   -1.277353309971650e+01    8.459825323004945e-02
   -1.272352734564847e+01    7.786729413179881e-02
   -1.267352159158044e+01    5.912888681556531e-02
   -1.262351583751241e+01    3.354898941922452e-02
   -1.257351008344438e+01    1.284175595301027e-02
   -1.252350432937634e+01    2.820993462778962e-03
   -1.247349857530831e+01    3.011140521832945e-04
   -1.242349282124028e+01    1.396959167497202e-05
   -1.237348706717225e+01    2.642949424585363e-07
   -1.232348131310422e+01    1.965814977537318e-09
   -1.227347555903619e+01    5.623474445947078e-12
   -1.222346980496816e+01    6.103133371401321e-15
   -1.217346405090013e+01    2.491206251240258e-18
   -1.212345829683210e+01    3.802756736152554e-22
   -1.207345254276407e+01    2.162439115741344e-26
   -1.202344678869604e+01    4.568481205773459e-31
   -1.197344103462801e+01    3.578734547473730e-36
   -1.192343528055998e+01    1.037946443102204e-41
   -1.187342952649195e+01    1.113293880683063e-47
   -1.182342377242392e+01    4.412015066539339e-54
   -1.177341801835589e+01    6.455555540224802e-61
   -1.172341226428786e+01    3.485246399267551e-68
   -1.167340651021983e+01    6.939286469649463e-76
   -1.162340075615180e+01    5.093211441102929e-84
   -1.157339500208377e+01    1.377551107139760e-92
   -1.152338924801574e+01   1.372558790880764e-101
   -1.147338349394771e+01   5.036746613474288e-111
   -1.142337773987968e+01   6.805675319853210e-121
   -1.137337198581165e+01   3.385439699248681e-131
   -1.132336623174362e+01   6.198903407055381e-142
   -1.127336047767559e+01   4.177479362461317e-153
   -1.122335472360756e+01   1.036015018294595e-164
   -1.117334896953952e+01   9.454318962125833e-177
   -1.112334321547150e+01   3.174486139852451e-189
   -1.107333746140347e+01   3.921637928054855e-202
   -1.102333170733543e+01   1.782332936213028e-215
   -1.097332595326740e+01   2.980009570028773e-229
   -1.092332019919937e+01   1.832894122836402e-243
   -1.087331444513134e+01   4.147000474433001e-258
   -1.082330869106331e+01   3.451406611341688e-273
   -1.077330293699528e+01   1.056607636765530e-288
   -1.072329718292725e+01   1.190256260221685e-304
   -1.067329142885922e+01   4.432671202194455e-308
   -1.062328567479119e+01   4.432671202194455e-308
   -1.057327992072316e+01   4.432671202194455e-308
   -1.052327416665513e+01   4.432671202194455e-308
   -1.047326841258710e+01   4.432671202194455e-308
   -1.042326265851907e+01   4.432671202194455e-308
   -1.037325690445104e+01   4.432671202194455e-308
   -1.032325115038301e+01   4.432671202194455e-308
   -1.027324539631498e+01   4.432671202194455e-308
   -1.022323964224695e+01   4.432671202194455e-308
   -1.017323388817892e+01   4.432671202194455e-308
   -1.012322813411089e+01   4.432671202194455e-308
   -1.007322238004286e+01   4.432671202194455e-308
   -1.002321662597483e+01   4.432671202194455e-308
   -9.973210871906797e+00   4.432671202194455e-308
   -9.923205117838766e+00   4.432671202194455e-308
   -9.873199363770736e+00   4.432671202194455e-308
   -9.823193609702706e+00   4.432671202194455e-308
   -9.773187855634676e+00   4.432671202194455e-308
   -9.723182101566646e+00   4.432671202194455e-308
   -9.673176347498615e+00   4.432671202194455e-308
   -9.623170593430585e+00   4.432671202194455e-308
   -9.573164839362555e+00   4.432671202194455e-308
   -9.523159085294523e+00   4.432671202194455e-308
   -9.473153331226493e+00   4.432671202194455e-308
   -9.423147577158463e+00   4.432671202194455e-308
   -9.373141823090432e+00   4.432671202194455e-308
   -9.323136069022402e+00   4.432671202194455e-308
   -9.273130314954372e+00   4.432671202194455e-308
   -9.223124560886342e+00   4.432671202194455e-308
   -9.173118806818312e+00   4.432671202194455e-308
   -9.123113052750281e+00   4.432671202194455e-308
   -9.073107298682251e+00   4.432671202194455e-308
   -9.023101544614221e+00   4.432671202194455e-308
   -8.973095790546189e+00   4.432671202194455e-308
   -8.923090036478159e+00   4.432671202194455e-308
   -8.873084282410129e+00   4.432671202194455e-308
   -8.823078528342098e+00   3.993245907018623e-305
   -8.773072774274070e+00   3.513069618694807e-289
   -8.723067020206038e+00   1.138029694278861e-273
   -8.673061266138006e+00   1.355967171144113e-258
   -8.623055512069978e+00   5.942643349202841e-244
   -8.573049758001947e+00   9.579721279014190e-230
   -8.523044003933917e+00   5.680396758529939e-216
   -8.473038249865887e+00   1.238994991986862e-202
   -8.423032495797855e+00   9.941257238284637e-190
   -8.373026741729825e+00   2.934363588484521e-177
   -8.323020987661796e+00   3.186490503157544e-165
   -8.273015233593764e+00   1.273119867723336e-153
   -8.223009479525736e+00   1.871647905931633e-142
   -8.173003725457704e+00   1.012576683952618e-131
   -8.122997971389674e+00   2.016250528508549e-121
   -8.072992217321644e+00   1.477931221201226e-111
   -8.022986463253613e+00   3.988944599397917e-102
   -7.972980709185583e+00    3.965356472705903e-93
   -7.922974955117552e+00    1.452395267257090e-84
   -7.872969201049522e+00    1.960931246593483e-76
   -7.822963446981491e+00    9.764691943929781e-69
   -7.772957692913462e+00    1.794625316598775e-61
   -7.722951938845431e+00    1.218360983754338e-54
   -7.672946184777401e+00    3.058523966612174e-48
   -7.622940430709370e+00    2.842618415419752e-42
   -7.572934676641340e+00    9.795661413980131e-37
   -7.522928922573310e+00    1.253729993135088e-31
   -7.472923168505280e+00    5.971580821096787e-27
   -7.422917414437249e+00    1.060876327128156e-22
   -7.372911660369218e+00    7.047313932111179e-19
   -7.322905906301188e+00    1.755482496222023e-15
   -7.272900152233158e+00    1.645217621352228e-12
   -7.222894398165128e+00    5.825860819012496e-10
   -7.172888644097097e+00    7.844908503306927e-08
   -7.122882890029067e+00    4.061996673436151e-06
   -7.072877135961036e+00    8.259895485309748e-05
   -7.022871381893006e+00    6.872158693035947e-04
   -6.972865627824976e+00    2.536427670519200e-03
   -6.922859873756946e+00    4.910022233092513e-03
   -6.872854119688915e+00    6.858438075306992e-03
   -6.822848365620885e+00    9.473508218419793e-03
   -6.772842611552854e+00    1.270113308809633e-02
   -6.722836857484824e+00    1.555513681431414e-02
   -6.672831103416794e+00    1.851296772295154e-02
   -6.622825349348763e+00    2.073150150115434e-02
   -6.572819595280733e+00    2.188793903881716e-02
   -6.522813841212702e+00    2.422409197505348e-02
   -6.472808087144672e+00    2.559023951090381e-02
   -6.422802333076642e+00    2.377169629091463e-02
   -6.372796579008612e+00    2.110148609124573e-02
   -6.322790824940581e+00    1.902896730449114e-02
   -6.272785070872551e+00    1.842075317871888e-02
   -6.222779316804520e+00    1.769467757253279e-02
   -6.172773562736491e+00    1.505302666348863e-02
   -6.122767808668460e+00    1.375858647274337e-02
   -6.072762054600429e+00    1.424992810080046e-02
   -6.022756300532399e+00    1.432335435874373e-02
   -5.972750546464368e+00    1.369103337947705e-02
   -5.922744792396339e+00    1.346128650917628e-02
   -5.872739038328308e+00    1.444831513496239e-02
   -5.822733284260278e+00    1.394099721188528e-02
   -5.772727530192247e+00    1.128259555779047e-02
   -5.722721776124217e+00    9.331279035005307e-03
   -5.672716022056187e+00    9.464749125308980e-03
   -5.622710267988157e+00    1.044097584063420e-02
   -5.572704513920126e+00    1.050131741505779e-02
   -5.522698759852096e+00    1.114048237483353e-02
   -5.472693005784065e+00    1.363672745943671e-02
   -5.422687251716034e+00    1.613557891900733e-02
   -5.372681497648005e+00    1.519521902425416e-02
   -5.322675743579974e+00    1.186322693392628e-02
   -5.272669989511944e+00    8.860679194970219e-03
   -5.222664235443913e+00    6.034616456214242e-03
   -5.172658481375883e+00    4.817569977510857e-03
   -5.122652727307853e+00    7.515501001328858e-03
   -5.072646973239822e+00    1.169048237058937e-02
   -5.022641219171792e+00    1.578552448829534e-02
   -4.972635465103762e+00    1.931424571766725e-02
   -4.922629711035732e+00    1.859219256036349e-02
   -4.872623956967701e+00    1.398821140928615e-02
   -4.822618202899671e+00    8.713299582617247e-03
   -4.772612448831641e+00    4.729488272288444e-03
   -4.722606694763609e+00    6.330233615109875e-03
   -4.672600940695579e+00    1.402841942527644e-02
   -4.622595186627549e+00    2.268526421953039e-02
   -4.572589432559520e+00    2.699758157161916e-02
   -4.522583678491488e+00    2.539910329475507e-02
   -4.472577924423458e+00    2.209492256723999e-02
   -4.422572170355428e+00    1.814821724943402e-02
   -4.372566416287398e+00    1.175209281725323e-02
   -4.322560662219367e+00    4.818125183686194e-03
   -4.272554908151337e+00    1.045935952318742e-03
   -4.222549154083307e+00    1.044789353672253e-04
   -4.172543400015275e+00    4.374525384468410e-06
   -4.122537645947245e+00    7.284324821573179e-08
   -4.072531891879215e+00    4.689501097912246e-10
   -4.022526137811186e+00    1.148883410209792e-12
   -3.972520383743154e+00    1.061024976926645e-15
   -3.922514629675124e+00    3.671513518792989e-19
   -3.872508875607094e+00    4.740847749113564e-23
   -3.822503121539064e+00    2.277721179149714e-27
   -3.772497367471033e+00    4.063084489647588e-32
   -3.722491613403003e+00    2.686723546063986e-37
   -3.672485859334973e+00    6.577458728932394e-43
   -3.622480105266943e+00    5.955635456346381e-49
   -3.572474351198911e+00    1.992878372255225e-55
   -3.522468597130882e+00    2.462776987411620e-62
   -3.472462843062852e+00    1.123354775679358e-69
   -3.422457088994820e+00    1.890381478401266e-77
   -3.372451334926790e+00    1.173128910834569e-85
   -3.322445580858760e+00    3.318141390140236e-89
   -3.272439826790730e+00    7.945176384340451e-81
   -3.222434072722699e+00    7.001735495607033e-73
   -3.172428318654669e+00    2.271397642829162e-65
   -3.122422564586639e+00    2.713266183360009e-58
   -3.072416810518609e+00    1.193907091443934e-51
   -3.022411056450578e+00    1.936187845685124e-45
   -2.972405302382548e+00    1.158006736300116e-39
   -2.922399548314518e+00    2.556439791494669e-34
   -2.872393794246486e+00    2.085471935906184e-29
   -2.822388040178456e+00    6.295620146631394e-25
   -2.772382286110426e+00    7.045888841025874e-21
   -2.722376532042396e+00    2.930442407965701e-17
   -2.672370777974365e+00    4.543901413323444e-14
   -2.622365023906335e+00    2.639068825061421e-11
   -2.572359269838305e+00    5.784532669855059e-09
   -2.522353515770275e+00    4.849909169641530e-07
   -2.472347761702244e+00    1.595479678558068e-05
   -2.422342007634214e+00    2.157486891753607e-04
   -2.372336253566184e+00    1.294205620142740e-03
   -2.322330499498154e+00    3.862849212263713e-03
   -2.272324745430122e+00    6.965925575149626e-03
   -2.222318991362092e+00    1.002183552819745e-02
   -2.172313237294063e+00    1.273503914660438e-02
   -2.122307483226031e+00    1.444849656647232e-02
   -2.072301729158001e+00    1.746447660469964e-02
   -2.022295975089971e+00    2.171833853923913e-02
   -1.972290221021941e+00    2.453290060185016e-02
   -1.922284466953910e+00    2.560496165503931e-02
   -1.872278712885880e+00    2.726023110316061e-02
   -1.822272958817850e+00    2.686849976979053e-02
   -1.772267204749820e+00    2.542616027785849e-02
   -1.722261450681788e+00    2.681431610917188e-02
   -1.672255696613759e+00    2.736765285682381e-02
   -1.622249942545729e+00    2.803212791150887e-02
   -1.572244188477697e+00    2.956980147037501e-02
   -1.522238434409667e+00    2.786219006215550e-02
   -1.472232680341637e+00    2.454823516724205e-02
   -1.422226926273607e+00    2.747191467070417e-02
   -1.372221172205576e+00    3.384835537399260e-02
   -1.322215418137546e+00    3.381986628112376e-02
   -1.272209664069516e+00    2.955311137050946e-02
   -1.222203910001486e+00    2.662982186396718e-02
   -1.172198155933454e+00    3.031647693849407e-02
   -1.122192401865425e+00    3.747385028931972e-02
   -1.072186647797395e+00    3.762050451000729e-02
   -1.022180893729365e+00    3.352464464570904e-02
   -9.721751396613332e-01    3.303854317340773e-02
   -9.221693855933033e-01    3.801598098469151e-02
   -8.721636315252734e-01    4.624193312063989e-02
   -8.221578774572418e-01    5.028564756993644e-02
   -7.721521233892119e-01    4.969011718318475e-02
   -7.221463693211820e-01    5.190519515033166e-02
   -6.721406152531522e-01    5.491278266490289e-02
   -6.221348611851205e-01    5.632929937548749e-02
   -5.721291071170906e-01    5.284059574415526e-02
   -5.221233530490608e-01    4.554964837949037e-02
   -4.721175989810309e-01    4.184820329499009e-02
   -4.221118449129992e-01    4.311147531926499e-02
   -3.721060908449694e-01    4.297725362043531e-02
   -3.221003367769395e-01    3.918119096064041e-02
   -2.720945827089079e-01    3.810192605844018e-02
   -2.220888286408780e-01    3.991046583530550e-02
   -1.720830745728481e-01    3.827682231699262e-02
   -1.220773205048182e-01    3.545720463216835e-02
   -7.207156643678658e-02    3.577561223267101e-02
   -2.206581236875671e-02    3.485398833553464e-02
    2.793994169927316e-02    3.227239405925873e-02
    7.794569576730304e-02    3.170006764401343e-02
    1.279514498353347e-01    3.228679568146364e-02
    1.779572039033646e-01    3.029253811567525e-02
    2.279629579713944e-01    2.584051723097402e-02
    2.779687120394261e-01    2.152036018535203e-02
    3.279744661074560e-01    1.602052770741018e-02
    3.779802201754858e-01    1.129977876729885e-02
    4.279859742435157e-01    7.907818333436404e-03
    4.779917283115473e-01    6.585532191089436e-03
    5.279974823795772e-01    6.331982880548363e-03
    5.780032364476071e-01    6.820268785938175e-03
    6.280089905156370e-01    6.895451991468911e-03
    6.780147445836686e-01    7.054837705848868e-03
    7.280204986516985e-01    6.990730044482657e-03
    7.780262527197284e-01    7.086833839294667e-03
    8.280320067877582e-01    7.164380917497187e-03
    8.780377608557899e-01    6.826144770388456e-03
    9.280435149238198e-01    6.152695150284343e-03
    9.780492689918496e-01    5.280354556972702e-03
    1.028055023059881e+00    5.587091012501205e-03
    1.078060777127911e+00    6.500573611623715e-03
    1.128066531195941e+00    8.584983245113963e-03
    1.178072285263971e+00    1.038689535352388e-02
    1.228078039332003e+00    1.067338570221592e-02
    1.278083793400032e+00    1.012931419653678e-02
    1.328089547468062e+00    1.049355149718112e-02
    1.378095301536092e+00    9.935921827317010e-03
    1.428101055604124e+00    9.690344678191241e-03
    1.478106809672154e+00    1.098074921746663e-02
    1.528112563740184e+00    1.426980025383947e-02
    1.578118317808215e+00    1.773496749740233e-02
    1.628124071876245e+00    1.927544261502383e-02
    1.678129825944275e+00    1.896077262256047e-02
    1.728135580012305e+00    1.614075281909906e-02
    1.778141334080336e+00    1.494438844011908e-02
    1.828147088148366e+00    1.508581742244663e-02
    1.878152842216396e+00    1.657413745729349e-02
    1.928158596284426e+00    1.911525531796197e-02
    1.978164350352458e+00    2.147588052186396e-02
    2.028170104420488e+00    2.151432136458246e-02
    2.078175858488517e+00    2.002890885466863e-02
    2.128181612556547e+00    1.925486635302946e-02
    2.178187366624579e+00    1.892177056113625e-02
    2.228193120692609e+00    2.113596469657159e-02
    2.278198874760639e+00    2.616929825587807e-02
    2.328204628828670e+00    2.991626190560684e-02
    2.378210382896700e+00    3.019807830359186e-02
    2.428216136964730e+00    2.625992641896215e-02
    2.478221891032760e+00    1.859411733450735e-02
    2.528227645100792e+00    1.340707471181765e-02
    2.578233399168822e+00    1.177256444222760e-02
    2.628239153236851e+00    1.114108109029767e-02
    2.678244907304881e+00    1.301130187094039e-02
    2.728250661372913e+00    1.441162607614759e-02
    2.778256415440943e+00    1.272281254134272e-02
    2.828262169508973e+00    1.413819121688458e-02
    2.878267923577004e+00    1.720228228799255e-02
    2.928273677645032e+00    1.852966716692088e-02
    2.978279431713064e+00    2.094063320643926e-02
    3.028285185781096e+00    2.450526890598015e-02
    3.078290939849124e+00    2.429290900648431e-02
    3.128296693917155e+00    2.156749097473265e-02
    3.178302447985187e+00    2.005659098879644e-02
    3.228308202053215e+00    2.112375231496998e-02
    3.278313956121247e+00    1.949691001529915e-02
    3.328319710189275e+00    1.630180155678830e-02
    3.378325464257307e+00    1.972963100296658e-02
    3.428331218325338e+00    2.732707959842064e-02
    3.478336972393366e+00    2.706732015963341e-02
    3.528342726461398e+00    2.506840312456465e-02
    3.578348480529430e+00    2.842771507417863e-02
    3.628354234597458e+00    2.997840419346488e-02
    3.678359988665489e+00    2.837299222517374e-02
    3.728365742733521e+00    2.742117058912321e-02
    3.778371496801549e+00    2.760979368522914e-02
    3.828377250869581e+00    2.769018088936655e-02
    3.878383004937609e+00    3.179453247309082e-02
    3.928388759005641e+00    3.541255751180001e-02
    3.978394513073672e+00    3.308342322023661e-02
    4.028400267141700e+00    3.309378301530054e-02
    4.078406021209732e+00    3.495042680571320e-02
    4.128411775277764e+00    3.456974190808634e-02
    4.178417529345792e+00    3.459032035558104e-02
    4.228423283413823e+00    3.572911114855901e-02
    4.278429037481855e+00    3.806900740856574e-02
    4.328434791549883e+00    4.197005109529575e-02
    4.378440545617915e+00    4.432515842831903e-02
    4.428446299685943e+00    4.292270026481344e-02
    4.478452053753974e+00    3.901980220992751e-02
    4.528457807822006e+00    3.422688060256448e-02
    4.578463561890034e+00    3.000570240638352e-02
    4.628469315958066e+00    2.860179316493330e-02
    4.678475070026098e+00    2.826210229188372e-02
    4.728480824094126e+00    2.711781342120263e-02
    4.778486578162157e+00    2.557009730015587e-02
    4.828492332230189e+00    2.628443614092495e-02
    4.878498086298217e+00    2.879631338925852e-02
    4.928503840366249e+00    2.839850974329308e-02
    4.978509594434277e+00    2.380925173588468e-02
    5.028515348502308e+00    1.986189890387153e-02
    5.078521102570340e+00    1.781365279652741e-02
    5.128526856638368e+00    1.799520945259878e-02
    5.178532610706400e+00    1.787600812512137e-02
    5.228538364774431e+00    1.732230328650933e-02
    5.278544118842460e+00    1.648547262264931e-02
    5.328549872910491e+00    1.497136379866086e-02
    5.378555626978519e+00    1.396296135161974e-02
    5.428561381046551e+00    1.319060738176318e-02
    5.478567135114583e+00    1.339870196798120e-02
    5.528572889182611e+00    1.306220518987866e-02
    5.578578643250642e+00    1.080622702663461e-02
    5.628584397318674e+00    7.314552941218943e-03
    5.678590151386702e+00    3.827001456347293e-03
    5.728595905454734e+00    1.452498330445918e-03
    5.778601659522765e+00    3.511581161183032e-04
    5.828607413590793e+00    4.264125320619564e-05
    5.878613167658825e+00    2.184528344772787e-06
    5.928618921726853e+00    4.373046485052402e-08
    5.978624675794885e+00    3.321131416207278e-10
    6.028630429862917e+00    9.451721681648714e-13
    6.078636183930945e+00    1.001895913470559e-15
    6.128641937998976e+00    3.941726414215782e-19
    6.178647692067008e+00    5.742358623872729e-23
    6.228653446135036e+00    3.092527629545357e-27
    6.278659200203068e+00    6.149251482501793e-32
    6.328664954271099e+00    4.510376906196501e-37
    6.378670708339127e+00    1.219489818917821e-42
    6.428676462407159e+00    1.214741952366513e-48
    6.478682216475187e+00    4.456068640435345e-55
    6.528687970543219e+00    6.017913118109466e-62
    6.578693724611250e+00    2.991321443496888e-69
    6.628699478679279e+00    5.471738147608701e-77
    6.678705232747310e+00    3.682760998315045e-85
    6.728710986815342e+00    9.119335397996329e-94
    6.778716740883370e+00   8.307314293072701e-103
    6.828722494951402e+00   2.783816192577797e-112
    6.878728249019433e+00   3.431498842510085e-122
    6.928734003087461e+00   3.100166285373754e-126
    6.978739757155493e+00   3.627953847247617e-116
    7.028745511223521e+00   1.561508282208279e-106
    7.078751265291553e+00    2.471908490521784e-97
    7.128757019359584e+00    1.439216243017738e-88
    7.178762773427612e+00    3.081947923745643e-80
    7.228768527495644e+00    2.427337477754141e-72
    7.278774281563676e+00    7.031382809873923e-65
    7.328780035631704e+00    7.491301403900515e-58
    7.378785789699736e+00    2.935487948075135e-51
    7.428791543767767e+00    4.230689786118015e-45
    7.478797297835795e+00    2.242606971713728e-39
    7.528803051903827e+00    4.372342098322373e-34
    7.578808805971855e+00    3.135545630861140e-29
    7.628814560039887e+00    8.271726871994619e-25
    7.678820314107918e+00    8.029242924462416e-21
    7.728826068175946e+00    2.869571305285606e-17
    7.778831822243978e+00    3.781554639731557e-14
    7.828837576312010e+00    1.844092188795126e-11
    7.878843330380038e+00    3.355842214885255e-09
    7.928849084448069e+00    2.322826388945939e-07
    7.978854838516101e+00    6.364527484918261e-06
    8.028860592584129e+00    7.403872639407090e-05
    8.078866346652161e+00    3.995218491318341e-04
    8.128872100720189e+00    1.072491126335387e-03
    8.178877854788221e+00    1.543275148817519e-03
    8.228883608856252e+00    1.656019826148258e-03
    8.278889362924280e+00    2.086240943995006e-03
    8.328895116992312e+00    2.056197636321963e-03
    8.378900871060344e+00    1.796489826405953e-03
    8.428906625128372e+00    2.550990035730244e-03
    8.478912379196403e+00    2.931504405641511e-03
    8.528918133264431e+00    3.183986161820239e-03
    8.578923887332463e+00    4.386675239159738e-03
    8.628929641400495e+00    4.719113284059078e-03
    8.678935395468523e+00    4.962686114045433e-03
    8.728941149536555e+00    6.286048458657186e-03
    8.778946903604586e+00    6.389799839474956e-03
    8.828952657672614e+00    7.895217747931694e-03
    8.878958411740646e+00    1.095486878390332e-02
    8.928964165808678e+00    1.124246140228202e-02
    8.978969919876706e+00    1.164589854938311e-02
    9.028975673944737e+00    1.302381304754898e-02
    9.078981428012765e+00    1.341514538417013e-02
    9.128987182080797e+00    1.294371355217659e-02
    9.178992936148829e+00    1.382977705833349e-02
    9.228998690216857e+00    1.885493397150388e-02
    9.279004444284888e+00    2.169198652244183e-02
    9.329010198352920e+00    1.963359566475227e-02
    9.379015952420948e+00    1.938437608526500e-02
    9.429021706488980e+00    1.995127542050474e-02
    9.479027460557012e+00    1.855480828876630e-02
    9.529033214625040e+00    2.135599595527421e-02
    9.579038968693071e+00    2.644034510580650e-02
    9.629044722761099e+00    2.564322780744588e-02
    9.679050476829131e+00    2.045552588541007e-02
    9.729056230897163e+00    1.761462968631690e-02
    9.779061984965191e+00    1.931387903335943e-02
    9.829067739033222e+00    2.350138635701557e-02
    9.879073493101254e+00    2.748727989081524e-02
    9.929079247169282e+00    2.658719053934240e-02
    9.979085001237314e+00    2.315233085510992e-02
    1.002909075530535e+01    2.144856299583071e-02
    1.007909650937337e+01    2.049206450917514e-02
    1.012910226344141e+01    2.010809561975284e-02
    1.017910801750943e+01    2.014481392200463e-02
    1.022911377157746e+01    2.077892663506178e-02
    1.027911952564550e+01    2.032677710310385e-02
    1.032912527971352e+01    1.777583043659552e-02
    1.037913103378156e+01    1.616785088542278e-02
    1.042913678784959e+01    1.646029469669942e-02
    1.047914254191762e+01    1.869768963600352e-02
    1.052914829598565e+01    1.884957045495257e-02
    1.057915405005368e+01    1.796639821143757e-02
    1.062915980412171e+01    1.795667511928326e-02
    1.067916555818974e+01    1.569616637243050e-02
    1.072917131225777e+01    1.504634126139157e-02
    1.077917706632580e+01    1.767450556982525e-02
    1.082918282039383e+01    1.609153662034753e-02
    1.087918857446186e+01    1.180225689156029e-02
    1.092919432852989e+01    9.615667577932112e-03
    1.097920008259792e+01    1.368744624487338e-02
    1.102920583666595e+01    1.889830619429826e-02
    1.107921159073398e+01    1.689172828310498e-02
    1.112921734480201e+01    1.482243344232033e-02
    1.117922309887004e+01    1.507392398317079e-02
    1.122922885293807e+01    1.225113281030904e-02
    1.127923460700610e+01    1.044687719825122e-02
    1.132924036107413e+01    1.168772858613466e-02
    1.137924611514216e+01    1.137660741606209e-02
    1.142925186921019e+01    8.963218730249536e-03
    1.147925762327822e+01    9.421287355387647e-03
    1.152926337734626e+01    1.487206056525817e-02
    1.157926913141428e+01    2.054027051920172e-02
    1.162927488548232e+01    2.211417323785626e-02
    1.167928063955034e+01    2.017015157819225e-02
    1.172928639361838e+01    1.723573050813725e-02
    1.177929214768641e+01    1.743611468116569e-02
    1.182929790175444e+01    2.210656127164187e-02
    1.187930365582247e+01    2.522350189852436e-02
    1.192930940989050e+01    2.588836000508951e-02
    1.197931516395853e+01    2.611269540609244e-02
    1.202932091802656e+01    2.507944839391567e-02
    1.207932667209459e+01    2.421823630083014e-02
    1.212933242616262e+01    2.510168539466055e-02
    1.217933818023065e+01    2.389159912366788e-02
    1.222934393429868e+01    2.136184287365355e-02
    1.227934968836671e+01    2.206509633270600e-02
    1.232935544243474e+01    2.309298132429093e-02
    1.237936119650277e+01    2.150187382041160e-02
    1.242936695057080e+01    1.719626041644830e-02
    1.247937270463883e+01    1.490089864287955e-02
    1.252937845870686e+01    1.729144884509383e-02
    1.257938421277489e+01    1.776726272396782e-02
    1.262938996684292e+01    1.676388073219025e-02
    1.267939572091095e+01    1.901446261199911e-02
    1.272940147497898e+01    2.290610804034748e-02
    1.277940722904701e+01    2.526982570407897e-02
    1.282941298311504e+01    2.305859565540557e-02
    1.287941873718307e+01    2.064785881946219e-02
    1.292942449125110e+01    2.275690967922372e-02
    1.297943024531913e+01    2.801663679456987e-02
    1.302943599938717e+01    3.100364227084113e-02
    1.307944175345519e+01    3.025583401112719e-02
    1.312944750752323e+01    3.014668587006902e-02
    1.317945326159126e+01    3.114746446875460e-02
    1.322945901565929e+01    3.342170698824139e-02
    1.327946476972732e+01    3.488160218747634e-02
    1.332947052379535e+01    3.086581305932385e-02
    1.337947627786338e+01    2.676992435161668e-02
    1.342948203193141e+01    3.086197961383878e-02
    1.347948778599944e+01    3.637139055898412e-02
    1.352949354006747e+01    3.517885134002047e-02
    1.357949929413550e+01    3.497270377711969e-02
    1.362950504820353e+01    3.280104164057274e-02
    1.367951080227156e+01    2.904340633191238e-02
    1.372951655633959e+01    2.739981126097661e-02
    1.377952231040762e+01    2.435413114357749e-02
    1.382952806447565e+01    2.218812188043235e-02
    1.387953381854368e+01    2.255623612975176e-02
    1.392953957261171e+01    2.132168166359733e-02
    1.397954532667974e+01    2.010607885724276e-02
    1.402955108074777e+01    2.268238663446253e-02
    1.407955683481580e+01    2.602155709735285e-02
    1.412956258888383e+01    2.741951808084842e-02
    1.417956834295186e+01    2.746637977154388e-02
    1.422957409701989e+01    2.738861472975437e-02
    1.427957985108792e+01    2.915538150539808e-02
    1.432958560515595e+01    3.283195353409396e-02
    1.437959135922399e+01    3.385420095621972e-02
    1.442959711329201e+01    3.231116962989446e-02
    1.447960286736004e+01    2.901360466813836e-02
    1.452960862142808e+01    2.434034308779675e-02
    1.457961437549610e+01    2.317701020631178e-02
    1.462962012956414e+01    2.501044891013698e-02
    1.467962588363217e+01    2.759778264219129e-02
    1.472963163770020e+01    3.092343072291774e-02
    1.477963739176823e+01    3.136184590911054e-02
    1.482964314583626e+01    3.091837848418182e-02
    1.487964889990429e+01    2.833377970566736e-02
    1.492965465397232e+01    2.243818076016652e-02
    1.497966040804035e+01    2.086380256681367e-02
    1.502966616210838e+01    2.325369974043569e-02
    1.507967191617641e+01    2.363107155638841e-02
    1.512967767024444e+01    2.197897975996344e-02
    1.517968342431247e+01    2.143860929903654e-02
    1.522968917838050e+01    2.049991289702282e-02
    1.527969493244853e+01    1.753196289273053e-02
    1.532970068651656e+01    1.747298604068533e-02
    1.537970644058459e+01    2.094200489364302e-02
    1.542971219465262e+01    2.221459861364641e-02
    1.547971794872065e+01    1.922376433651848e-02
    1.552972370278868e+01    1.617156418609676e-02
    1.557972945685671e+01    1.571136676691106e-02
    1.562973521092474e+01    1.627129600879684e-02
    1.567974096499277e+01    1.406772393979821e-02
    1.572974671906080e+01    1.217289115704027e-02
    1.577975247312884e+01    1.512344764908425e-02
    1.582975822719686e+01    1.576133407020923e-02
    1.587976398126490e+01    1.369064035039694e-02
    1.592976973533292e+01    1.525135014700881e-02
    1.597977548940096e+01    1.751020694459663e-02
    1.602978124346899e+01    1.769982594978956e-02
    1.607978699753701e+01    1.753994848146329e-02
    1.612979275160504e+01    2.052414890005951e-02
    1.617979850567308e+01    2.169884865410781e-02
    1.622980425974111e+01    1.761340364043034e-02
    1.627981001380914e+01    1.724664086539194e-02
    1.632981576787717e+01    1.863391846357619e-02
    1.637982152194520e+01    1.891293258865624e-02
    1.642982727601323e+01    2.124150028977836e-02
    1.647983303008126e+01    2.322939386174096e-02
    1.652983878414929e+01    2.198078689242773e-02
    1.657984453821732e+01    1.900546979793502e-02
    1.662985029228535e+01    1.825546663882639e-02
    1.667985604635338e+01    1.780079272343837e-02
    1.672986180042141e+01    1.768048348554914e-02
    1.677986755448944e+01    2.304044183062926e-02
    1.682987330855747e+01    2.661711841978662e-02
    1.687987906262550e+01    2.594647378771540e-02
    1.692988481669353e+01    2.622870821987574e-02
    1.697989057076156e+01    2.633369153063381e-02
    1.702989632482959e+01    2.464128417628273e-02
    1.707990207889763e+01    2.515201621632245e-02
    1.712990783296566e+01    2.787236513753006e-02
    1.717991358703368e+01    2.863871976896285e-02
    1.722991934110171e+01    2.791204543534776e-02
    1.727992509516974e+01    3.068749733008545e-02
    1.732993084923778e+01    3.434393529549960e-02
    1.737993660330581e+01    3.448420988563982e-02
    1.742994235737383e+01    3.150431871000184e-02
    1.747994811144186e+01    3.131089286326909e-02
    1.752995386550990e+01    3.824879922617713e-02
    1.757995961957793e+01    4.211113791845097e-02
    1.762996537364596e+01    3.542127078965931e-02
    1.767997112771399e+01    3.133352733954022e-02
    1.772997688178202e+01    3.138369476982892e-02
    1.777998263585005e+01    2.722687589581844e-02
    1.782998838991808e+01    2.331278684977757e-02
    1.787999414398611e+01    2.177645452103060e-02
    1.792999989805414e+01    2.130372785485594e-02
    1.798000565212217e+01    2.139061492210690e-02
    1.803001140619020e+01    2.045197783374853e-02
    1.808001716025823e+01    1.814059403353282e-02
    1.813002291432626e+01    1.658890475447203e-02
    1.818002866839429e+01    1.535491942577753e-02
    1.823003442246232e+01    1.358122229728893e-02
    1.828004017653035e+01    1.149746687579839e-02
    1.833004593059838e+01    1.069632599926620e-02
    1.838005168466641e+01    1.219103407286515e-02
    1.843005743873444e+01    1.394458171357166e-02
    1.848006319280248e+01    1.363149100003530e-02
    1.853006894687050e+01    1.240650486767034e-02
    1.858007470093853e+01    1.309100226518417e-02
    1.863008045500656e+01    1.472055518756721e-02
    1.868008620907460e+01    1.379900809275904e-02
    1.873009196314263e+01    1.253109152219810e-02
    1.878009771721066e+01    1.234280461351009e-02
    1.883010347127868e+01    1.252995185948137e-02
    1.888010922534671e+01    1.129396306510048e-02
    1.893011497941475e+01    9.336646273041843e-03
    1.898012073348278e+01    8.901136658714783e-03
    1.903012648755080e+01    9.543832408023156e-03
    1.908013224161883e+01    1.009613278797700e-02
    1.913013799568687e+01    1.076168458701555e-02
    1.918014374975490e+01    9.690033796346243e-03
    1.923014950382293e+01    7.757075425311395e-03
    1.928015525789095e+01    7.279604017496073e-03
    1.933016101195899e+01    9.279639105306259e-03
    1.938016676602702e+01    1.023884187248924e-02
    1.943017252009505e+01    9.187363911978465e-03
    1.948017827416308e+01    1.065282007100036e-02
    1.953018402823111e+01    1.530139497854903e-02
    1.958018978229914e+01    1.516875862720155e-02
    1.963019553636717e+01    1.024135613900565e-02
    1.968020129043520e+01    8.350801601514557e-03
    1.973020704450323e+01    9.061905789118465e-03
    1.978021279857126e+01    7.428712260760331e-03
    1.983021855263929e+01    4.961978984445309e-03
    1.988022430670732e+01    3.919268571235133e-03
    1.993023006077535e+01    4.688287720647005e-03
    1.998023581484338e+01    5.094058945799319e-03
    2.003024156891141e+01    4.262105524452870e-03
    2.008024732297945e+01    4.441156382990558e-03
    2.013025307704747e+01    4.482080408335107e-03
    2.018025883111550e+01    3.296649405415565e-03
    2.023026458518353e+01    2.474208209700126e-03
    2.028027033925157e+01    2.813518701951265e-03
    2.033027609331960e+01    3.505175650426243e-03
    2.038028184738762e+01    4.460516547863331e-03
    2.043028760145565e+01    5.149726188915937e-03
    2.048029335552368e+01    4.952678452958038e-03
    2.053029910959172e+01    4.878870766426792e-03
    2.058030486365975e+01    4.776208165689363e-03
    2.063031061772778e+01    4.446500549961318e-03
    2.068031637179580e+01    5.303619174470110e-03
    2.073032212586384e+01    6.260808932657806e-03
    2.078032787993187e+01    6.265804460829201e-03
    2.083033363399990e+01    5.726957811496110e-03
    2.088033938806793e+01    4.842520543291153e-03
    2.093034514213596e+01    4.537205783389060e-03
    2.098035089620399e+01    5.716878975423835e-03
    2.103035665027202e+01    6.712696233085606e-03
    2.108036240434005e+01    7.278070504791116e-03
    2.113036815840808e+01    6.618060944732143e-03
    2.118037391247611e+01    4.761341383828988e-03
    2.123037966654414e+01    4.562338135132883e-03
    2.128038542061217e+01    6.437395953063684e-03
    2.133039117468020e+01    7.882215095498576e-03
    2.138039692874823e+01    8.319812348568214e-03
    2.143040268281626e+01    7.960511312287463e-03
    2.148040843688429e+01    7.332574929561205e-03
    2.153041419095232e+01    7.273229724273597e-03
    2.158041994502035e+01    7.096502584101555e-03
    2.163042569908838e+01    6.904386167750296e-03
    2.168043145315642e+01    9.400749918145044e-03
    2.173043720722445e+01    1.147708992349825e-02
    2.178044296129247e+01    1.134031524496310e-02
    2.183044871536050e+01    1.216822247141848e-02
    2.188045446942854e+01    1.149571935384468e-02
    2.193046022349657e+01    1.067685692610409e-02
    2.198046597756460e+01    1.165955971068658e-02
    2.203047173163262e+01    1.243398185146729e-02
    2.208047748570065e+01    1.539242599669098e-02
    2.213048323976869e+01    1.878124664064315e-02
    2.218048899383672e+01    1.847883262188166e-02
    2.223049474790475e+01    1.584924880448707e-02
    2.228050050197278e+01    1.531649745042868e-02
    2.233050625604081e+01    1.826774284674392e-02
    2.238051201010884e+01    1.998374900722016e-02
    2.243051776417687e+01    1.786084110051664e-02
    2.248052351824490e+01    1.479559103607629e-02
    2.253052927231293e+01    1.379908497517248e-02
    2.258053502638096e+01    1.417610845386348e-02
    2.263054078044899e+01    1.585130899179577e-02
    2.268054653451702e+01    1.856958480603603e-02
    2.273055228858505e+01    1.817759970721108e-02
    2.278055804265308e+01    1.574212489864108e-02
    2.283056379672112e+01    1.555735918835019e-02
    2.288056955078914e+01    1.578562448625714e-02
    2.293057530485717e+01    1.765067015073212e-02
    2.298058105892520e+01    1.944155049191651e-02
    2.303058681299323e+01    1.804448885058189e-02
    2.308059256706127e+01    1.721434995801855e-02
    2.313059832112929e+01    1.761641595695580e-02
    2.318060407519732e+01    1.869080188577313e-02
    2.323060982926535e+01    1.866497453742268e-02
    2.328061558333339e+01    1.734061090435031e-02
    2.333062133740142e+01    1.751096301472566e-02
    2.338062709146945e+01    1.967221809076153e-02
    2.343063284553747e+01    1.997246887946743e-02
    2.348063859960551e+01    1.944302847919079e-02
    2.353064435367354e+01    2.261148932298764e-02
    2.358065010774157e+01    2.777813056450706e-02
    2.363065586180960e+01    3.039414544702036e-02
    2.368066161587763e+01    2.987806706741287e-02
    2.373066736994566e+01    2.845151682080774e-02
    2.378067312401369e+01    2.433235378487429e-02
    2.383067887808172e+01    2.416669894356708e-02
    2.388068463214975e+01    2.976455288271140e-02
    2.393069038621778e+01    3.133566898664330e-02
    2.398069614028581e+01    2.490480504268888e-02
    2.403070189435384e+01    1.767190409726840e-02
    2.408070764842187e+01    1.650317215548934e-02
    2.413071340248990e+01    1.933299154949734e-02
    2.418071915655793e+01    2.053927068746160e-02
    2.423072491062596e+01    1.993131892338112e-02
    2.428073066469399e+01    2.054461672186482e-02
    2.433073641876202e+01    1.961108783276963e-02
    2.438074217283005e+01    1.513240375196659e-02
    2.443074792689809e+01    1.091944463916812e-02
    2.448075368096611e+01    1.056158259904041e-02
    2.453075943503414e+01    1.169107342650071e-02
    2.458076518910217e+01    1.233711036756961e-02
    2.463077094317021e+01    1.288277445485698e-02
    2.468077669723824e+01    1.312935634153941e-02
    2.473078245130627e+01    1.591663614460354e-02
    2.478078820537429e+01    1.825486786572465e-02
    2.483079395944232e+01    1.641582706445777e-02
    2.488079971351036e+01    1.432584303569963e-02
    2.493080546757839e+01    1.522493031307912e-02
    2.498081122164642e+01    1.889132537919787e-02
    2.503081697571444e+01    2.081365110105416e-02
    2.508082272978248e+01    1.921537975984972e-02
    2.513082848385051e+01    1.577953339640817e-02
    2.518083423791854e+01    1.290079453184558e-02
    2.523083999198657e+01    1.206931831242462e-02
    2.528084574605460e+01    1.571369874647820e-02
    2.533085150012263e+01    2.081573809633475e-02
    2.538085725419066e+01    2.103982784987238e-02
    2.543086300825869e+01    1.857562731514481e-02
    2.548086876232672e+01    1.655057378742832e-02
    2.553087451639475e+01    1.476737399508952e-02
    2.558088027046278e+01    1.546020408674133e-02
    2.563088602453081e+01    1.677343134553244e-02
    2.568089177859884e+01    1.742106299779035e-02
    2.573089753266687e+01    1.839595370112173e-02
    2.578090328673490e+01    1.740239531137815e-02
    2.583090904080294e+01    1.520907313725394e-02
    2.588091479487096e+01    1.371957609979758e-02
    2.593092054893899e+01    1.495620392770646e-02
    2.598092630300702e+01    1.726674968271783e-02
    2.603093205707506e+01    1.800883642946187e-02
    2.608093781114309e+01    1.878492272120588e-02
    2.613094356521111e+01    2.047170868771951e-02
    2.618094931927914e+01    2.084656475513214e-02
    2.623095507334718e+01    1.876197938708728e-02
    2.628096082741521e+01    1.854488037815960e-02
    2.633096658148324e+01    2.005875075398278e-02
    2.638097233555127e+01    1.980790467616350e-02
    2.643097808961929e+01    1.980231201021501e-02
    2.648098384368733e+01    1.993477810027760e-02
    2.653098959775536e+01    1.841047464644974e-02
    2.658099535182339e+01    1.840942861294882e-02
    2.663100110589142e+01    1.935296900821069e-02
    2.668100685995945e+01    1.950116190979598e-02
    2.673101261402748e+01    1.875688814737888e-02
    2.678101836809551e+01    1.684778772038730e-02
    2.683102412216354e+01    1.552174664631613e-02
    2.688102987623157e+01    1.712016536262545e-02
    2.693103563029960e+01    1.957627429045776e-02
    2.698104138436763e+01    2.074900065278116e-02
    2.703104713843566e+01    2.123539190961848e-02
    2.708105289250369e+01    2.156303482649694e-02
    2.713105864657172e+01    1.984750154527958e-02
    2.718106440063976e+01    1.797016698063109e-02
    2.723107015470778e+01    1.884582652516907e-02
    2.728107590877581e+01    2.022613570751078e-02
    2.733108166284384e+01    2.035352693216251e-02
    2.738108741691187e+01    1.885396597351321e-02
    2.743109317097991e+01    1.747651432064588e-02
    2.748109892504794e+01    2.018093015432553e-02
    2.753110467911596e+01    2.274492755894071e-02
    2.758111043318399e+01    2.007022036378171e-02
    2.763111618725203e+01    1.586907486306596e-02
    2.768112194132006e+01    1.487395004507633e-02
    2.773112769538809e+01    1.551336159301611e-02
    2.778113344945611e+01    1.738359148964031e-02
    2.783113920352415e+01    1.800017678489819e-02
    2.788114495759218e+01    1.972728980993668e-02
    2.793115071166021e+01    2.267584593741645e-02
    2.798115646572824e+01    2.062393292507070e-02
    2.803116221979627e+01    1.608262961303487e-02
    2.808116797386430e+01    1.652722278612982e-02
    2.813117372793233e+01    2.215924928267801e-02
    2.818117948200036e+01    2.666151881014493e-02
    2.823118523606839e+01    2.450141308426248e-02
    2.828119099013642e+01    1.821839577619371e-02
    2.833119674420445e+01    1.488062863138786e-02
    2.838120249827248e+01    1.523368806935356e-02
    2.843120825234051e+01    1.434984763056024e-02
    2.848121400640854e+01    1.328239781335847e-02
    2.853121976047657e+01    1.274914160344136e-02
    2.858122551454461e+01    1.157532234682317e-02
    2.863123126861263e+01    1.101523778862025e-02
    2.868123702268066e+01    1.264647147695752e-02
    2.873124277674869e+01    1.401562142950555e-02
    2.878124853081673e+01    1.560533272329837e-02
    2.883125428488476e+01    1.547819613163587e-02
    2.888126003895278e+01    1.359808947333545e-02
    2.893126579302081e+01    1.245172885048293e-02
    2.898127154708884e+01    1.234797257185748e-02
    2.903127730115688e+01    1.334641914532131e-02
    2.908128305522491e+01    1.753021027476745e-02
    2.913128880929294e+01    1.927086471024619e-02
    2.918129456336096e+01    1.660594581852695e-02
    2.923130031742900e+01    1.520314105798524e-02
    2.928130607149703e+01    1.468430163313493e-02
    2.933131182556506e+01    1.676682683164270e-02
    2.938131757963309e+01    1.764019047781855e-02
    2.943132333370112e+01    1.489313750196805e-02
    2.948132908776915e+01    1.398724147407656e-02
    2.953133484183718e+01    1.652669969085220e-02
    2.958134059590521e+01    1.838968375621453e-02
    2.963134634997324e+01    1.663928671623866e-02
    2.968135210404127e+01    1.417590748548071e-02
    2.973135785810930e+01    1.239062830296174e-02
    2.978136361217733e+01    1.071778647601290e-02
    2.983136936624536e+01    9.926235276319273e-03
    2.988137512031339e+01    1.138917386983058e-02
    2.993138087438142e+01    1.735585312832607e-02
    2.998138662844945e+01    2.425987220744788e-02
    3.003139238251748e+01    2.769878267399998e-02
    3.008139813658551e+01    2.544691837806381e-02
    3.013140389065354e+01    1.767336131446706e-02
    3.018140964472158e+01    1.343443889222552e-02
    3.023141539878960e+01    1.506667367192302e-02
    3.028142115285763e+01    1.644703558721056e-02
    3.033142690692566e+01    1.303920196635229e-02
    3.038143266099370e+01    1.123868929646109e-02
    3.043143841506173e+01    1.307900583936138e-02
    3.048144416912976e+01    1.344024799063446e-02
    3.053144992319778e+01    1.193506539999973e-02
    3.058145567726582e+01    1.087805218103786e-02
    3.063146143133385e+01    1.232489656779065e-02
    3.068146718540188e+01    1.573510457211164e-02
    3.073147293946991e+01    1.857937119542334e-02
    3.078147869353793e+01    1.998187844304737e-02
    3.083148444760597e+01    1.716900779855283e-02
    3.088149020167400e+01    1.666396075263420e-02
    3.093149595574203e+01    1.838051800075318e-02
    3.098150170981006e+01    1.807477365338563e-02
    3.103150746387809e+01    1.616743685520224e-02
    3.108151321794612e+01    1.578525552851566e-02
    3.113151897201415e+01    1.573194418146009e-02
    3.118152472608218e+01    1.528139691900664e-02
    3.123153048015021e+01    1.608055640338371e-02
    3.128153623421824e+01    1.584770848540875e-02
    3.133154198828627e+01    1.430680526531293e-02
    3.138154774235430e+01    1.561804363772726e-02
    3.143155349642233e+01    1.994109605928081e-02
    3.148155925049036e+01    2.395648616297561e-02
    3.153156500455840e+01    2.311682236308377e-02
    3.158157075862643e+01    1.810748114621319e-02
    3.163157651269445e+01    1.772261075934421e-02
    3.168158226676248e+01    2.261719357991508e-02
    3.173158802083051e+01    2.599414102939923e-02
    3.178159377489855e+01    2.463584204295606e-02
    3.183159952896658e+01    1.984621387037715e-02
    3.188160528303460e+01    1.447786855022071e-02
    3.193161103710263e+01    1.014437268557808e-02
    3.198161679117067e+01    1.082489308547376e-02
    3.203162254523870e+01    1.426556613022540e-02
    3.208162829930673e+01    1.421660394407904e-02
    3.213163405337476e+01    1.154760081773673e-02
    3.218163980744279e+01    1.069462093279791e-02
    3.223164556151082e+01    1.375999939774105e-02
    3.228165131557885e+01    1.593288369747192e-02
    3.233165706964688e+01    1.368969536270017e-02
    3.238166282371491e+01    1.206677141280955e-02
    3.243166857778294e+01    1.146974065314482e-02
    3.248167433185097e+01    9.981740084601303e-03
    3.253168008591900e+01    9.514223233718051e-03
    3.258168583998703e+01    9.964692668688591e-03
    3.263169159405506e+01    9.994127733009100e-03
    3.268169734812309e+01    1.000930671701140e-02
    3.273170310219112e+01    1.093826182139627e-02
    3.278170885625915e+01    1.248139005584117e-02
    3.283171461032718e+01    1.413940591525960e-02
    3.288172036439521e+01    1.481190289866982e-02
    3.293172611846325e+01    1.653218072810717e-02
    3.298173187253127e+01    1.832554814542571e-02
    3.303173762659930e+01    2.017859941643030e-02
    3.308174338066733e+01    2.195187989900935e-02
    3.313174913473537e+01    2.132316764770847e-02
    3.318175488880340e+01    1.883508176233838e-02
    3.323176064287143e+01    1.550715416287851e-02
    3.328176639693945e+01    1.379103052850114e-02
    3.333177215100748e+01    1.498129265739095e-02
    3.338177790507552e+01    1.665002157211407e-02
    3.343178365914355e+01    1.769664296664415e-02
    3.348178941321158e+01    1.869424007566639e-02
    3.353179516727960e+01    1.717653036592371e-02
    3.358180092134764e+01    1.427565785191680e-02
    3.363180667541567e+01    1.224082509961398e-02
    3.368181242948370e+01    1.326500331107272e-02
    3.373181818355173e+01    1.567750598603432e-02
    3.378182393761976e+01    1.683131346276022e-02
    3.383182969168779e+01    1.644942893100831e-02
    3.388183544575582e+01    1.384082353552286e-02
    3.393184119982385e+01    1.054062037623065e-02
    3.398184695389188e+01    1.055931161381655e-02
    3.403185270795991e+01    1.400079815569112e-02
    3.408185846202794e+01    1.597281233226010e-02
    3.413186421609597e+01    1.464389844335906e-02
    3.418186997016400e+01    1.285791186695835e-02
    3.423187572423203e+01    1.206719631160682e-02
    3.428188147830006e+01    1.133700499573315e-02
    3.433188723236810e+01    1.122707038079888e-02
    3.438189298643612e+01    1.278355651412862e-02
    3.443189874050415e+01    1.620661496754427e-02
    3.448190449457218e+01    1.861312612473149e-02
    3.453191024864022e+01    1.742424858968539e-02
    3.458191600270825e+01    1.533632915439227e-02
    3.463192175677627e+01    1.622782944827943e-02
    3.468192751084430e+01    1.860173407189198e-02
    3.473193326491234e+01    1.716586728928091e-02
    3.478193901898037e+01    1.442648462315374e-02
    3.483194477304840e+01    1.436830133575373e-02
    3.488195052711643e+01    1.355609522347021e-02
    3.493195628118445e+01    1.164123567015312e-02
    3.498196203525249e+01    1.033428370072998e-02
    3.503196778932052e+01    1.143820640178778e-02
    3.508197354338855e+01    1.269324777813872e-02
    3.513197929745658e+01    1.289270784297538e-02
    3.518198505152461e+01    1.399516407572460e-02
    3.523199080559264e+01    1.581695346178070e-02
    3.528199655966067e+01    1.821682418696562e-02
    3.533200231372870e+01    1.848212290909230e-02
    3.538200806779673e+01    1.828150009469273e-02
    3.543201382186476e+01    1.760019072060006e-02
    3.548201957593279e+01    1.614252608717710e-02
    3.553202533000082e+01    1.596051892820278e-02
    3.558203108406885e+01    1.204506380762567e-02
    3.563203683813688e+01    9.190681010083152e-03
    3.568204259220492e+01    1.037447127311628e-02
    3.573204834627294e+01    1.191554264722501e-02
    3.578205410034097e+01    1.265286443034838e-02
    3.583205985440900e+01    1.468717478733537e-02
    3.588206560847703e+01    1.755251399099883e-02
    3.593207136254507e+01    1.683625735787511e-02
    3.598207711661309e+01    1.576312443508674e-02
    3.603208287068112e+01    1.551472023503137e-02
    3.608208862474915e+01    1.469000830499844e-02
    3.613209437881719e+01    1.183781324199878e-02
    3.618210013288522e+01    9.440764447396548e-03
    3.623210588695325e+01    1.203887330627532e-02
    3.628211164102127e+01    1.753052243779070e-02
    3.633211739508931e+01    2.018464951257656e-02
    3.638212314915734e+01    2.079978511598870e-02
    3.643212890322537e+01    1.967634153817994e-02
    3.648213465729340e+01    1.575725404811253e-02
    3.653214041136142e+01    1.174503224871438e-02
    3.658214616542946e+01    1.009684492932590e-02
    3.663215191949749e+01    1.268298409193657e-02
    3.668215767356552e+01    2.075698861911074e-02
    3.673216342763355e+01    2.686494169969178e-02
    3.678216918170158e+01    2.752674049962349e-02
    3.683217493576961e+01    2.620548198520301e-02
    3.688218068983764e+01    2.449025822120238e-02
    3.693218644390567e+01    2.147547446318354e-02
    3.698219219797370e+01    1.756815408127024e-02
    3.703219795204173e+01    1.635870938411529e-02
    3.708220370610976e+01    1.655664726397740e-02
    3.713220946017779e+01    1.667120016631623e-02
    3.718221521424582e+01    1.848658005120681e-02
    3.723222096831385e+01    1.728926592540844e-02
    3.728222672238189e+01    1.384756340957917e-02
    3.733223247644992e+01    1.409942404897976e-02
    3.738223823051794e+01    1.706519631531660e-02
    3.743224398458597e+01    1.659460323374083e-02
    3.748224973865401e+01    1.420138833518884e-02
    3.753225549272204e+01    1.565022298665089e-02
    3.758226124679007e+01    1.722809379977005e-02
    3.763226700085809e+01    1.480210917844316e-02
    3.768227275492612e+01    1.507621095617525e-02
    3.773227850899416e+01    1.675788961653443e-02
    3.778228426306219e+01    1.473039933616105e-02
    3.783229001713022e+01    1.453644927534244e-02
    3.788229577119825e+01    1.528138864249730e-02
    3.793230152526628e+01    1.524836890682998e-02
    3.798230727933431e+01    1.506077236553170e-02
    3.803231303340234e+01    1.215588089433617e-02
    3.808231878747037e+01    1.057463621198448e-02
    3.813232454153840e+01    1.162206956625613e-02
    3.818233029560643e+01    1.204767298025862e-02
    3.823233604967446e+01    1.104724001188827e-02
    3.828234180374249e+01    1.181574828821188e-02
    3.833234755781052e+01    1.546056110043471e-02
    3.838235331187855e+01    1.728361608617839e-02
    3.843235906594659e+01    1.455895023851055e-02
    3.848236482001461e+01    1.237129671538750e-02
    3.853237057408264e+01    1.176495653848054e-02
    3.858237632815067e+01    1.302128578603842e-02
    3.863238208221870e+01    1.462353087325822e-02
    3.868238783628674e+01    1.210742892154863e-02
    3.873239359035476e+01    7.923656383575889e-03
    3.878239934442279e+01    5.436640335331025e-03
    3.883240509849082e+01    6.272616816892359e-03
    3.888241085255886e+01    8.721578840049444e-03
    3.893241660662689e+01    1.065282302187470e-02
    3.898242236069492e+01    1.180670618156905e-02
    3.903242811476294e+01    1.094470105105366e-02
    3.908243386883098e+01    9.932768723810067e-03
    3.913243962289901e+01    9.774232777867736e-03
    3.918244537696704e+01    9.157863913994204e-03
    3.923245113103507e+01    9.875018507952513e-03
    3.928245688510309e+01    1.051937672939464e-02
    3.933246263917113e+01    9.707854204083188e-03
    3.938246839323916e+01    9.067084454526978e-03
    3.943247414730719e+01    9.189922261393259e-03
    3.948247990137522e+01    1.164608722143967e-02
    3.953248565544325e+01    1.534957808006312e-02
    3.958249140951128e+01    1.453584824628346e-02
    3.963249716357931e+01    1.221171131773363e-02
    3.968250291764734e+01    1.251646452994602e-02
    3.973250867171537e+01    1.354425706806941e-02
    3.978251442578340e+01    1.284332948910940e-02
    3.983252017985143e+01    1.116759388603826e-02
    3.988252593391946e+01    1.005721732148102e-02
    3.993253168798749e+01    1.133324852987228e-02
    3.998253744205552e+01    1.418269445673427e-02
    4.003254319612356e+01    1.520012207882045e-02
    4.008254895019159e+01    1.580149875795862e-02
    4.013255470425961e+01    1.442150799931622e-02
    4.018256045832764e+01    9.269745516444548e-03
    4.023256621239567e+01    5.506941147236107e-03
    4.028257196646371e+01    5.411654948088252e-03
    4.033257772053174e+01    7.086414606811290e-03
    4.038258347459976e+01    8.066861017226574e-03
    4.043258922866779e+01    8.079092854669481e-03
    4.048259498273583e+01    9.070140956862677e-03
    4.053260073680386e+01    9.076606227179970e-03
    4.058260649087189e+01    6.370373336850257e-03
    4.063261224493992e+01    4.423332272095541e-03
    4.068261799900795e+01    4.700126450178635e-03
    4.073262375307598e+01    7.109146575108460e-03
    4.078262950714401e+01    7.976703994621876e-03
    4.083263526121204e+01    7.321727256358376e-03
    4.088264101528007e+01    7.787590080470090e-03
    4.093264676934810e+01    7.352353144509553e-03
    4.098265252341613e+01    7.188485950579071e-03
    4.103265827748416e+01    7.428361798087522e-03
    4.108266403155219e+01    6.135287363032343e-03
    4.113266978562022e+01    5.084338382489423e-03
    4.118267553968825e+01    6.571412024545013e-03
    4.123268129375628e+01    8.315498676152571e-03
    4.128268704782431e+01    8.308811358391590e-03
    4.133269280189234e+01    7.095430479415619e-03
    4.138269855596037e+01    7.439441326609055e-03
    4.143270431002841e+01    8.087125702067960e-03
    4.148271006409643e+01    7.069707787667221e-03
    4.153271581816446e+01    6.060349588649986e-03
    4.158272157223249e+01    6.905710348514784e-03
    4.163272732630053e+01    8.500188059360323e-03
    4.168273308036856e+01    8.465733717773200e-03
    4.173273883443658e+01    9.877014069510462e-03
    4.178274458850461e+01    1.010269036350850e-02
    4.183275034257264e+01    5.956769949948865e-03
    4.188275609664068e+01    3.033090574208858e-03
    4.193276185070871e+01    4.046711846494597e-03
    4.198276760477674e+01    5.240889989673628e-03
    4.203277335884476e+01    5.040016568867338e-03
    4.208277911291280e+01    6.186226943546785e-03
    4.213278486698083e+01    8.413946445382877e-03
    4.218279062104886e+01    1.041536738002402e-02
    4.223279637511689e+01    1.200992847137483e-02
    4.228280212918492e+01    1.305787674463396e-02
    4.233280788325295e+01    1.248698141192766e-02
    4.238281363732098e+01    1.004544102485552e-02
    4.243281939138901e+01    8.036982413708454e-03
    4.248282514545704e+01    7.550189761825082e-03
    4.253283089952507e+01    6.934043019856139e-03
    4.258283665359310e+01    5.807022014173263e-03
    4.263284240766113e+01    4.805405284315944e-03
    4.268284816172916e+01    5.450177159761234e-03
    4.273285391579719e+01    6.593961941307283e-03
    4.278285966986522e+01    6.349643497081795e-03
    4.283286542393325e+01    6.609103869877534e-03
    4.288287117800128e+01    8.107078031516644e-03
    4.293287693206931e+01    8.828139830937899e-03
    4.298288268613734e+01    1.053032554720024e-02
    4.303288844020538e+01    1.230614347413371e-02
    4.308289419427341e+01    1.244329725804922e-02
    4.313289994834143e+01    1.026515787859254e-02
    4.318290570240946e+01    7.929828420797818e-03
    4.323291145647750e+01    8.123970132754321e-03
    4.328291721054553e+01    1.029048575612299e-02
    4.333292296461356e+01    1.331887124307976e-02
    4.338292871868158e+01    1.336247875856526e-02
    4.343293447274961e+01    1.083697220530077e-02
    4.348294022681765e+01    9.534031248923302e-03
    4.353294598088568e+01    9.605888860709431e-03
    4.358295173495371e+01    9.215971570974488e-03
    4.363295748902174e+01    8.828541263056502e-03
    4.368296324308977e+01    9.874652929289076e-03
    4.373296899715780e+01    1.066156703722746e-02
    4.378297475122583e+01    1.028600298399719e-02
    4.383298050529386e+01    9.578452123958392e-03
    4.388298625936189e+01    1.014738314471117e-02
    4.393299201342992e+01    1.249236085358126e-02
    4.398299776749795e+01    1.222618604326701e-02
    4.403300352156598e+01    9.518813424793627e-03
    4.408300927563401e+01    6.942706079924400e-03
    4.413301502970204e+01    6.151476337479102e-03
    4.418302078377008e+01    5.868713577919732e-03
    4.423302653783810e+01    6.000929517986535e-03
    4.428303229190613e+01    7.573663677765426e-03
    4.433303804597416e+01    8.826402992656674e-03
    4.438304380004219e+01    8.019099848827003e-03
    4.443304955411023e+01    7.719624354136204e-03
    4.448305530817825e+01    7.468938274880002e-03
    4.453306106224628e+01    7.341538913253914e-03
    4.458306681631431e+01    9.177932213971091e-03
    4.463307257038235e+01    1.231871437046428e-02
    4.468307832445038e+01    1.099874310667998e-02
    4.473308407851841e+01    6.993573523504713e-03
    4.478308983258643e+01    6.358959339891534e-03
    4.483309558665447e+01    7.088228114686491e-03
    4.488310134072250e+01    6.242865900031971e-03
    4.493310709479053e+01    5.386729593124541e-03
    4.498311284885856e+01    6.133511398067872e-03
    4.503311860292659e+01    5.630843143655930e-03
    4.508312435699462e+01    4.365118328326344e-03
    4.513313011106265e+01    3.477944026029056e-03
    4.518313586513068e+01    2.947842928175575e-03
    4.523314161919871e+01    2.821741206825470e-03
    4.528314737326674e+01    2.222306029766332e-03
    4.533315312733477e+01    2.809808262518913e-03
    4.538315888140280e+01    4.844132342342955e-03
    4.543316463547083e+01    4.862929351566407e-03
    4.548317038953886e+01    4.428814876741759e-03
    4.553317614360689e+01    6.823980115690987e-03
    4.558318189767492e+01    8.656828257682042e-03
    4.563318765174295e+01    8.209952521511658e-03
    4.568319340581098e+01    8.722791077523164e-03
    4.573319915987901e+01    1.076553473779012e-02
    4.578320491394705e+01    9.443609578975179e-03
    4.583321066801508e+01    5.853658123423337e-03
    4.588321642208310e+01    5.307865785589963e-03
    4.593322217615113e+01    7.276225501471754e-03
    4.598322793021917e+01    7.702482088356727e-03
    4.603323368428720e+01    4.911437386138388e-03
    4.608323943835523e+01    2.592706182880097e-03
    4.613324519242325e+01    2.920436678370930e-03
    4.618325094649128e+01    4.200959359650574e-03
    4.623325670055932e+01    6.330206812532511e-03
    4.628326245462735e+01    1.049650039483243e-02
    4.633326820869538e+01    1.353221233140579e-02
    4.638327396276341e+01    1.374033002907805e-02
    4.643327971683144e+01    1.316247440530300e-02
    4.648328547089947e+01    9.583128416102987e-03
    4.653329122496750e+01    4.130839663207879e-03
    4.658329697903553e+01    2.691427806118760e-03
    4.663330273310356e+01    4.832392436745816e-03
    4.668330848717159e+01    5.156974249195534e-03
    4.673331424123962e+01    3.292867255842318e-03
    4.678331999530765e+01    2.248973178644219e-03
    4.683332574937568e+01    2.619003884071180e-03
    4.688333150344371e+01    3.627547865038019e-03
    4.693333725751174e+01    3.808978144019490e-03
    4.698334301157977e+01    2.670063051379517e-03
    4.703334876564780e+01    2.192269874149078e-03
    4.708335451971583e+01    4.088703807554486e-03
    4.713336027378386e+01    6.903913874884079e-03
    4.718336602785190e+01    6.891457008216547e-03
    4.723337178191992e+01    5.929970953718848e-03
    4.728337753598795e+01    5.707088975396013e-03
    4.733338329005598e+01    6.328954143713026e-03
    4.738338904412402e+01    7.983703514029916e-03
    4.743339479819205e+01    7.434273485585165e-03
    4.748340055226007e+01    4.200386090061278e-03
    4.753340630632810e+01    2.039109002190607e-03
    4.758341206039614e+01    3.575206420757666e-03
    4.763341781446417e+01    7.485209200378045e-03
    4.768342356853220e+01    9.651428519183068e-03
    4.773342932260023e+01    1.000885511733957e-02
    4.778343507666825e+01    1.052287094270611e-02
    4.783344083073629e+01    1.108477114714674e-02
    4.788344658480432e+01    1.004024264353920e-02
    4.793345233887235e+01    8.954790661253648e-03
    4.798345809294038e+01    9.212939707510300e-03
    4.803346384700841e+01    9.479334161274125e-03
    4.808346960107644e+01    7.912093634275041e-03
    4.813347535514447e+01    4.494190515582998e-03
    4.818348110921250e+01    3.189155688591695e-03
    4.823348686328053e+01    4.887660884042845e-03
    4.828349261734856e+01    5.280941608411507e-03
    4.833349837141659e+01    3.347929928776930e-03
    4.838350412548462e+01    1.900938742396896e-03
    4.843350987955265e+01    1.468225873165787e-03
    4.848351563362068e+01    2.820870116474682e-03
    4.853352138768872e+01    5.243673823644751e-03
    4.858352714175674e+01    5.994816222200896e-03
    4.863353289582477e+01    4.755360764203341e-03
    4.868353864989280e+01    2.683013696183141e-03
    4.873354440396083e+01    2.757599804658286e-03
    4.878355015802887e+01    4.555704206299022e-03
    4.883355591209690e+01    4.310031311875692e-03
    4.888356166616492e+01    3.089500667111239e-03
    4.893356742023295e+01    4.340178159001721e-03
    4.898357317430099e+01    7.613314649816349e-03
    4.903357892836902e+01    8.953111568270479e-03
    4.908358468243705e+01    8.278089753878648e-03
    4.913359043650507e+01    6.043897128112522e-03
    4.918359619057311e+01    5.920137213242216e-03
    4.923360194464114e+01    8.065673203754222e-03
    4.928360769870917e+01    9.294429788680010e-03
    4.933361345277720e+01    9.800578069515981e-03
    4.938361920684523e+01    9.328089674583363e-03
    4.943362496091326e+01    8.242887021024287e-03
    4.948363071498129e+01    7.795067720204910e-03
    4.953363646904932e+01    9.547665736615871e-03
    4.958364222311735e+01    1.173410389842073e-02
    4.963364797718538e+01    1.093056517585757e-02
    4.968365373125341e+01    9.596139648614775e-03
    4.973365948532144e+01    8.454893134421857e-03
    4.978366523938947e+01    8.712935688343916e-03
    4.983367099345750e+01    1.152654817093458e-02
    4.988367674752553e+01    1.224742399333201e-02
    4.993368250159357e+01    9.792389538732561e-03
    4.998368825566159e+01    6.537757896046882e-03
    5.003369400972962e+01    5.657028153560850e-03
    5.008369976379765e+01    5.927166611396041e-03
    5.013370551786569e+01    6.220264133672328e-03
    5.018371127193372e+01    5.406664803958643e-03
    5.023371702600174e+01    4.853464420789173e-03
    5.028372278006977e+01    6.089298550545403e-03
    5.033372853413780e+01    7.412870435455510e-03
    5.038373428820584e+01    7.955938786468331e-03
    5.043374004227387e+01    7.442977823024504e-03
    5.048374579634190e+01    6.566686597184638e-03
    5.053375155040992e+01    7.860115216983203e-03
    5.058375730447796e+01    1.119013224402823e-02
    5.063376305854599e+01    1.120215266629344e-02
    5.068376881261402e+01    7.698007602221784e-03
    5.073377456668205e+01    7.325397160922187e-03
    5.078378032075008e+01    8.524421559655774e-03
    5.083378607481811e+01    7.380049108509507e-03
    5.088379182888615e+01    6.575200077211294e-03
    5.093379758295417e+01    7.093352765867171e-03
    5.098380333702220e+01    5.777248698728091e-03
    5.103380909109023e+01    4.314270880714406e-03
    5.108381484515826e+01    5.051296642242257e-03
    5.113382059922630e+01    6.390834165952923e-03
    5.118382635329432e+01    9.372576239851473e-03
    5.123383210736235e+01    1.170474758291672e-02
    5.128383786143038e+01    9.420830305055652e-03
    5.133384361549841e+01    6.187069254562708e-03
    5.138384936956645e+01    5.936537697638331e-03
    5.143385512363447e+01    7.862231661137852e-03
    5.148386087770250e+01    9.452570131061499e-03
    5.153386663177054e+01    9.483513194041136e-03
    5.158387238583856e+01    7.974392526953792e-03
    5.163387813990660e+01    5.633134787296459e-03
    5.168388389397462e+01    5.957890435566439e-03
    5.173388964804265e+01    1.038031977479523e-02
    5.178389540211069e+01    1.319579703060913e-02
    5.183390115617871e+01    1.174742428257084e-02
    5.188390691024675e+01    8.779997105932318e-03
    5.193391266431478e+01    5.144330069897744e-03
    5.198391841838281e+01    3.853244216467939e-03
    5.203392417245084e+01    6.286156476153635e-03
    5.208392992651886e+01    6.540037187172726e-03
    5.213393568058690e+01    5.421620767639844e-03
    5.218394143465493e+01    6.926637179243008e-03
    5.223394718872296e+01    8.284407639627522e-03
    5.228395294279099e+01    7.651353652342202e-03
    5.233395869685901e+01    6.548556666800849e-03
    5.238396445092705e+01    6.183908950846325e-03
    5.243397020499508e+01    5.467079266726483e-03
    5.248397595906312e+01    5.444247207495813e-03
    5.253398171313114e+01    5.118586241465887e-03
    5.258398746719917e+01    4.937188053138375e-03
    5.263399322126720e+01    6.404499702606396e-03
    5.268399897533523e+01    7.422943194942837e-03
    5.273400472940327e+01    7.222156122588694e-03
    5.278401048347129e+01    6.440197376422961e-03
    5.283401623753932e+01    6.479257575086326e-03
    5.288402199160736e+01    6.410508990824713e-03
    5.293402774567538e+01    4.406733925424585e-03
    5.298403349974342e+01    3.436656358854950e-03
    5.303403925381144e+01    5.135023576173529e-03
    5.308404500787948e+01    7.592917411860028e-03
    5.313405076194751e+01    9.675332990638507e-03
    5.318405651601553e+01    1.153228142748717e-02
    5.323406227008357e+01    1.238242510610545e-02
    5.328406802415159e+01    1.292895159850782e-02
    5.333407377821963e+01    1.269198212111170e-02
    5.338407953228766e+01    1.112350379349331e-02
    5.343408528635568e+01    9.735452978755632e-03
    5.348409104042372e+01    8.446212498357244e-03
    5.353409679449175e+01    6.610348406866005e-03
    5.358410254855978e+01    4.632932100072820e-03
    5.363410830262781e+01    5.112802921107151e-03
    5.368411405669583e+01    7.915848074854490e-03
    5.373411981076387e+01    8.451146672070448e-03
    5.378412556483190e+01    7.560062199266590e-03
    5.383413131889994e+01    6.251198352044581e-03
    5.388413707296796e+01    3.919537709262184e-03
    5.393414282703598e+01    2.753050483866994e-03
    5.398414858110402e+01    4.487476352650991e-03
    5.403415433517205e+01    6.901281865581061e-03
    5.408416008924009e+01    6.377184025940595e-03
    5.413416584330811e+01    4.810919471155478e-03
    5.418417159737615e+01    4.273659657057510e-03
    5.423417735144417e+01    4.059743054666512e-03
    5.428418310551220e+01    4.971715867512174e-03
    5.433418885958024e+01    6.284814838872755e-03
    5.438419461364826e+01    6.943343419152735e-03
    5.443420036771630e+01    8.625177170130926e-03
    5.448420612178433e+01    1.043920909441270e-02
    5.453421187585235e+01    9.712455249595004e-03
    5.458421762992039e+01    8.456031386127792e-03
    5.463422338398841e+01    6.676158376782840e-03
    5.468422913805645e+01    4.829651409927440e-03
    5.473423489212448e+01    5.829638327492328e-03
    5.478424064619250e+01    7.947683969394912e-03
    5.483424640026054e+01    8.105961229910235e-03
    5.488425215432856e+01    6.097792473195781e-03
    5.493425790839660e+01    4.741727665697653e-03
    5.498426366246463e+01    5.516192999369572e-03
    5.503426941653265e+01    6.606706292466400e-03
    5.508427517060069e+01    6.921878007840760e-03
    5.513428092466872e+01    5.064021983104186e-03
    5.518428667873675e+01    2.220322919092641e-03
    5.523429243280478e+01    2.071684659575475e-03
    5.528429818687280e+01    3.884569273403653e-03
    5.533430394094084e+01    6.023515839351927e-03
    5.538430969500887e+01    8.273871280332967e-03
    5.543431544907691e+01    7.795823673176838e-03
    5.548432120314493e+01    5.806576350786502e-03
    5.553432695721297e+01    4.903917872352704e-03
    5.558433271128099e+01    6.801609357146562e-03
    5.563433846534902e+01    1.045585313750653e-02
    5.568434421941706e+01    1.153780613282700e-02
    5.573434997348508e+01    8.553783171690515e-03
    5.578435572755312e+01    4.491581518993164e-03
    5.583436148162114e+01    3.756239638254383e-03
    5.588436723568917e+01    5.219390535772466e-03
    5.593437298975721e+01    6.080349758482527e-03
    5.598437874382523e+01    6.143060110126077e-03
    5.603438449789327e+01    9.217495638605192e-03
    5.608439025196130e+01    1.222852172892798e-02
    5.613439600602932e+01    1.076656911507501e-02
    5.618440176009736e+01    8.075717649561477e-03
    5.623440751416538e+01    1.018645782537626e-02
    5.628441326823342e+01    1.741397348845049e-02
    5.633441902230145e+01    1.944227438855667e-02
    5.638442477636947e+01    1.410486327777880e-02
    5.643443053043751e+01    9.349906338252478e-03
    5.648443628450553e+01    7.376281099897178e-03
    5.653444203857357e+01    8.937683398679694e-03
    5.658444779264160e+01    1.161699666154486e-02
    5.663445354670964e+01    1.085031567278149e-02
    5.668445930077766e+01    7.699403923954368e-03
    5.673446505484569e+01    4.495126241832161e-03
    5.678447080891372e+01    3.282574595801138e-03
    5.683447656298175e+01    4.100937321983821e-03
    5.688448231704979e+01    5.404789426705832e-03
    5.693448807111781e+01    7.320857814607024e-03
    5.698449382518584e+01    9.308116943099598e-03
    5.703449957925388e+01    1.042284615103950e-02
    5.708450533332190e+01    8.804652435832732e-03
    5.713451108738994e+01    5.879579892830940e-03
    5.718451684145796e+01    6.284081404777902e-03
    5.723452259552599e+01    8.368142773295438e-03
    5.728452834959403e+01    9.601321626146167e-03
    5.733453410366205e+01    1.135571509291379e-02
    5.738453985773009e+01    1.144201535349526e-02
    5.743454561179811e+01    1.020070236520485e-02
    5.748455136586614e+01    8.960227015035514e-03
    5.753455711993418e+01    6.970475520453122e-03
    5.758456287400220e+01    5.621137837804687e-03
    5.763456862807024e+01    6.655824051438762e-03
    5.768457438213827e+01    8.144644857513039e-03
    5.773458013620630e+01    6.985867714276621e-03
    5.778458589027433e+01    5.717222591985775e-03
    5.783459164434235e+01    8.024544754242564e-03
    5.788459739841039e+01    1.161351529167475e-02
    5.793460315247842e+01    1.386391715297941e-02
    5.798460890654646e+01    1.189325327670222e-02
    5.803461466061448e+01    6.907546953184745e-03
    5.808462041468250e+01    4.166848964647387e-03
    5.813462616875054e+01    3.860516706231909e-03
    5.818463192281857e+01    3.927643591939979e-03
    5.823463767688661e+01    5.358597366449109e-03
    5.828464343095463e+01    8.265105898323142e-03
    5.833464918502266e+01    1.007754289277424e-02
    5.838465493909069e+01    9.367617093916843e-03
    5.843466069315872e+01    8.878218767785462e-03
    5.848466644722676e+01    1.037068002537596e-02
    5.853467220129478e+01    1.121316469152420e-02
    5.858467795536281e+01    1.137753710148118e-02
    5.863468370943085e+01    9.919482361875023e-03
    5.868468946349887e+01    8.689504193261683e-03
    5.873469521756691e+01    9.764735067383703e-03
    5.878470097163493e+01    1.127131006247953e-02
    5.883470672570297e+01    1.182778442391969e-02
    5.888471247977100e+01    1.082173444004531e-02
    5.893471823383902e+01    7.813164274017877e-03
    5.898472398790706e+01    6.130928206879300e-03
    5.903472974197508e+01    5.914415207675258e-03
    5.908473549604312e+01    4.925632197486411e-03
    5.913474125011115e+01    5.512552822903399e-03
    5.918474700417917e+01    7.476176508080335e-03
    5.923475275824721e+01    6.789941189063854e-03
    5.928475851231524e+01    5.598707721689437e-03
    5.933476426638327e+01    4.656928107174907e-03
    5.938477002045130e+01    4.110529962603997e-03
    5.943477577451932e+01    5.431274537853033e-03
    5.948478152858736e+01    6.158484684450255e-03
    5.953478728265539e+01    4.737015487656965e-03
    5.958479303672343e+01    3.175413034331648e-03
    5.963479879079145e+01    2.042511309685495e-03
    5.968480454485947e+01    1.686076100573065e-03
    5.973481029892751e+01    2.401873637854328e-03
    5.978481605299554e+01    2.837997414642048e-03
    5.983482180706358e+01    3.643154073021992e-03
    5.988482756113160e+01    5.100416582466326e-03
    5.993483331519964e+01    6.538466788031052e-03
    5.998483906926766e+01    7.572918536004700e-03
    6.003484482333569e+01    7.619068560399901e-03
    6.008485057740373e+01    6.664101338517083e-03
    6.013485633147175e+01    5.841803993708795e-03
    6.018486208553979e+01    4.542629712357902e-03
    6.023486783960782e+01    4.417470341345587e-03
    6.028487359367584e+01    7.256486026804751e-03
    6.033487934774388e+01    9.376807241226729e-03
    6.038488510181190e+01    8.580566874194886e-03
    6.043489085587994e+01    7.480322042331037e-03
    6.048489660994797e+01    7.106204656219312e-03
    6.053490236401599e+01    8.753435361897061e-03
    6.058490811808403e+01    1.011701339985259e-02
    6.063491387215205e+01    9.397877493318012e-03
    6.068491962622009e+01    8.694851704535321e-03
    6.073492538028812e+01    8.254210202600275e-03
    6.078493113435614e+01    7.796864735803503e-03
    6.083493688842418e+01    7.518390593863706e-03
    6.088494264249221e+01    6.531677945488938e-03
    6.093494839656024e+01    5.269220570208520e-03
    6.098495415062827e+01    5.000142447195902e-03
    6.103495990469629e+01    6.560933888888195e-03
    6.108496565876433e+01    8.051687796300621e-03
    6.113497141283236e+01    7.108590948653416e-03
    6.118497716690040e+01    4.801952951930743e-03
    6.123498292096842e+01    2.895574304093690e-03
    6.128498867503646e+01    2.163068952463299e-03
    6.133499442910448e+01    2.405009366959838e-03
    6.138500018317251e+01    2.840416526134208e-03
    6.143500593724055e+01    2.561109066349206e-03
    6.148501169130857e+01    1.294289338018550e-03
    6.153501744537661e+01    2.891149952165194e-04
    6.158502319944463e+01    2.595923157795430e-05
    6.163502895351266e+01    1.974711413497635e-06
    6.168503470758070e+01    2.909911153841189e-05
    6.173504046164872e+01    2.932843795541167e-04
    6.178504621571676e+01    1.139697817189594e-03
    6.183505196978479e+01    1.980414781761394e-03
    6.188505772385281e+01    2.161701474257172e-03
    6.193506347792085e+01    1.816862038892005e-03
    6.198506923198887e+01    1.139374275009190e-03
    6.203507498605691e+01    4.600455285826672e-04
    6.208508074012494e+01    8.928408526322795e-05
    6.213508649419296e+01    3.511066088298782e-05
    6.218509224826100e+01    1.769305802527789e-04
    6.223509800232902e+01    4.856524003387671e-04
    6.228510375639706e+01    7.978283442687265e-04
    6.233510951046509e+01    9.058922602148998e-04
    6.238511526453313e+01    8.460134570248648e-04
    6.243512101860115e+01    9.005084255776543e-04
    6.248512677266918e+01    1.051432978502446e-03
    6.253513252673721e+01    1.494825020559368e-03
    6.258513828080524e+01    1.288784650773805e-03
    6.263514403487328e+01    8.694722439859777e-04
    6.268514978894130e+01    7.576249780190632e-04
    6.273515554300933e+01    4.125921111832910e-04
    6.278516129707737e+01    3.105991017006728e-04
    6.283516705114539e+01    6.755288360207088e-04
    6.288517280521343e+01    1.253134804427989e-03
    6.293517855928145e+01    1.785278607054814e-03
    6.298518431334948e+01    2.228592597256014e-03
    6.303519006741752e+01    2.387849168599429e-03
    6.308519582148554e+01    2.410735564616314e-03
    6.313520157555358e+01    1.818214042152277e-03
    6.318520732962160e+01    1.366228118293832e-03
    6.323521308368963e+01    1.573912626895295e-03
    6.328521883775767e+01    1.470833991273501e-03
    6.333522459182569e+01    1.878375183210930e-03
    6.338523034589373e+01    2.002665646659830e-03
    6.343523609996176e+01    1.068704356326159e-03
    6.348524185402979e+01    6.490904960205001e-04
    6.353524760809782e+01    9.540970197896470e-04
    6.358525336216584e+01    1.712296535217087e-03
    6.363525911623388e+01    3.170267862480780e-03
    6.368526487030191e+01    3.080870784116500e-03
    6.373527062436995e+01    1.359796716589048e-03
    6.378527637843797e+01    6.437693126333642e-04
    6.383528213250599e+01    7.469807265104929e-04
    6.388528788657403e+01    5.563681149506193e-04
    6.393529364064206e+01    9.106668356921106e-04
    6.398529939471010e+01    2.447542825374745e-03
    6.403530514877812e+01    2.827632787270291e-03
    6.408531090284615e+01    1.482193542835352e-03
    6.413531665691418e+01    1.015309179624636e-03
    6.418532241098221e+01    1.152569658701159e-03
    6.423532816505025e+01    9.605210061759594e-04
    6.428533391911827e+01    7.955991756181479e-04
    6.433533967318630e+01    1.649219939927524e-03
    6.438534542725434e+01    3.341457240804818e-03
    6.443535118132236e+01    4.127552734876653e-03
    6.448535693539040e+01    2.903024291433198e-03
    6.453536268945842e+01    1.304571909814778e-03
    6.458536844352646e+01    9.541137191662892e-04
    6.463537419759449e+01    1.456889793101915e-03
    6.468537995166251e+01    2.251799506395751e-03
    6.473538570573055e+01    2.111396710538821e-03
    6.478539145979857e+01    1.648377100471351e-03
    6.483539721386661e+01    1.929625079367210e-03
    6.488540296793464e+01    2.102816860187178e-03
    6.493540872200266e+01    2.063082899604271e-03
    6.498541447607070e+01    1.972135803121122e-03
    6.503542023013873e+01    1.684707906070625e-03
    6.508542598420676e+01    7.732363619862364e-04
    6.513543173827479e+01    3.665719682894627e-04
    6.518543749234281e+01    1.017956684161756e-03
    6.523544324641085e+01    2.065058865845857e-03
    6.528544900047888e+01    2.071246053246084e-03
    6.533545475454692e+01    1.430104497947830e-03
    6.538546050861494e+01    1.907318473225771e-03
    6.543546626268297e+01    2.059643508854742e-03
    6.548547201675100e+01    8.961189275877491e-04
    6.553547777081903e+01    1.460075652966287e-04
    6.558548352488707e+01    9.915369025847761e-06
    6.563548927895509e+01    3.355689345902289e-05
    6.568549503302313e+01    3.945752738716659e-04
    6.573550078709115e+01    1.781537600869134e-03
    6.578550654115918e+01    3.120267911474252e-03
    6.583551229522722e+01    2.194252567570203e-03
    6.588551804929524e+01    8.115397069633542e-04
    6.593552380336328e+01    6.679012839731331e-04
    6.598552955743131e+01    6.861436232916132e-04
    6.603553531149933e+01    2.938672196146517e-04
    6.608554106556737e+01    1.500574193051973e-04
    6.613554681963539e+01    8.667402873240626e-04
    6.618555257370343e+01    2.656997353528999e-03
    6.623555832777146e+01    3.048696927314089e-03
    6.628556408183948e+01    1.304811654874183e-03
    6.633556983590752e+01    2.251289571174374e-04
    6.638557558997555e+01    1.741962663428639e-04
    6.643558134404358e+01    5.561285247083840e-04
    6.648558709811161e+01    7.027448203599934e-04
    6.653559285217963e+01    3.500365703553438e-04
    6.658559860624767e+01    3.467458006372845e-04
    6.663560436031570e+01    1.311663060117685e-03
    6.668561011438373e+01    2.175464114061932e-03
    6.673561586845176e+01    1.342014413766720e-03
    6.678562162251978e+01    3.650306727583205e-04
    6.683562737658782e+01    4.487485874431691e-04
    6.688563313065585e+01    1.175146905073318e-03
    6.693563888472389e+01    1.304733336612122e-03
    6.698564463879191e+01    6.451997217675300e-04
    6.703565039285995e+01    5.950121501762932e-04
    6.708565614692797e+01    1.323739567874325e-03
    6.713566190099600e+01    1.417691748774972e-03
    6.718566765506404e+01    1.122358617833712e-03
    6.723567340913206e+01    1.437004491791351e-03
    6.728567916320010e+01    1.536250007340523e-03
    6.733568491726813e+01    1.605119083743716e-03
    6.738569067133615e+01    3.879514141021807e-03
    6.743569642540419e+01    6.789976222435484e-03
    6.748570217947221e+01    5.630245559976915e-03
    6.753570793354025e+01    2.519599998723711e-03
    6.758571368760828e+01    1.311303736026192e-03
    6.763571944167630e+01    2.130223414145059e-03
    6.768572519574434e+01    2.812170537534217e-03
    6.773573094981236e+01    2.408406407384338e-03
    6.778573670388040e+01    1.723795133340339e-03
    6.783574245794843e+01    1.865880953383727e-03
    6.788574821201645e+01    2.634202463943130e-03
    6.793575396608449e+01    2.628144726792023e-03
    6.798575972015252e+01    2.833944372179029e-03
    6.803576547422055e+01    2.773301250947241e-03
    6.808577122828858e+01    1.985672751070360e-03
    6.813577698235662e+01    1.866023225427682e-03
    6.818578273642464e+01    2.232487292901489e-03
    6.823578849049267e+01    2.930570373181555e-03
    6.828579424456071e+01    3.283947779947575e-03
    6.833579999862873e+01    2.392646338742118e-03
    6.838580575269677e+01    1.986069111909326e-03
    6.843581150676479e+01    2.386414738492876e-03
    6.848581726083282e+01    2.596129571652956e-03
    6.853582301490086e+01    1.949351882932995e-03
    6.858582876896888e+01    1.531894799852933e-03
    6.863583452303692e+01    1.475411165981383e-03
    6.868584027710494e+01    7.147821362684158e-04
    6.873584603117297e+01    2.973902455621970e-04
    6.878585178524101e+01    8.711218369471881e-04
    6.883585753930903e+01    1.971721121967887e-03
    6.888586329337707e+01    3.290271412281429e-03
    6.893586904744510e+01    4.403008384807400e-03
    6.898587480151312e+01    2.966213695596493e-03
    6.903588055558116e+01    8.318191729910743e-04
    6.908588630964918e+01    2.774349543498972e-04
    6.913589206371722e+01    8.700189324177716e-04
    6.918589781778525e+01    1.456372197548652e-03
    6.923590357185329e+01    9.405671209059192e-04
    6.928590932592131e+01    5.876307168675107e-04
    6.933591507998933e+01    1.295083018490341e-03
    6.938592083405737e+01    1.566616066485650e-03
    6.943592658812540e+01    7.060463332126951e-04
    6.948593234219344e+01    1.219178782728864e-04
    6.953593809626146e+01    6.744578674423155e-05
    6.958594385032949e+01    3.252249210234578e-04
    6.963594960439752e+01    9.535780967601559e-04
    6.968595535846555e+01    1.667378783448314e-03
    6.973596111253359e+01    1.822671505550006e-03
    6.978596686660161e+01    2.143359155807969e-03
    6.983597262066964e+01    2.524659609434043e-03
    6.988597837473768e+01    1.856603413078034e-03
    6.993598412880570e+01    1.120463594461542e-03
    6.998598988287374e+01    8.210160504322556e-04
    7.003599563694176e+01    5.944315925861066e-04
    7.008600139100979e+01    1.098201637108936e-03
    7.013600714507783e+01    2.180941801013560e-03
    7.018601289914585e+01    2.363399171201510e-03
    7.023601865321389e+01    1.176382153457511e-03
    7.028602440728191e+01    3.032523120258578e-04
    7.033603016134995e+01    4.149724843452133e-04
    7.038603591541798e+01    9.263429896781559e-04
    7.043604166948600e+01    1.205583454339027e-03
    7.048604742355404e+01    2.045568934177334e-03
    7.053605317762207e+01    3.206149804135511e-03
    7.058605893169010e+01    3.771800508636595e-03
    7.063606468575813e+01    3.834014623607147e-03
    7.068607043982615e+01    2.922947417878697e-03
    7.073607619389419e+01    2.111129874110385e-03
    7.078608194796222e+01    1.741350798233174e-03
    7.083608770203026e+01    1.708269225923406e-03
    7.088609345609828e+01    1.363369233246931e-03
    7.093609921016630e+01    1.293577732635138e-03
    7.098610496423434e+01    1.281216474536940e-03
    7.103611071830237e+01    7.541702651639597e-04
    7.108611647237041e+01    5.536624750580246e-04
    7.113612222643843e+01    7.432670810535434e-04
    7.118612798050646e+01    5.834155152594942e-04
    7.123613373457449e+01    8.865475453413370e-04
    7.128613948864252e+01    2.370547066044662e-03
    7.133614524271056e+01    3.180389581936884e-03
    7.138615099677858e+01    2.879119989858091e-03
    7.143615675084662e+01    2.379507856310874e-03
    7.148616250491465e+01    1.662910036481482e-03
    7.153616825898267e+01    2.631011953543227e-03
    7.158617401305071e+01    3.829018030973056e-03
    7.163617976711873e+01    4.074836984381530e-03
    7.168618552118677e+01    4.755767963205395e-03
    7.173619127525480e+01    4.255335524611530e-03
    7.178619702932282e+01    3.411538326172435e-03
    7.183620278339086e+01    3.535343933174268e-03
    7.188620853745888e+01    3.611926760192726e-03
    7.193621429152692e+01    3.068777308921219e-03
    7.198622004559495e+01    2.914630156460665e-03
    7.203622579966297e+01    3.528484315145255e-03
    7.208623155373101e+01    3.296120966122024e-03
    7.213623730779904e+01    2.737226395066976e-03
    7.218624306186707e+01    3.062337964654939e-03
    7.223624881593510e+01    3.479780842351904e-03
    7.228625457000312e+01    3.595917156402711e-03
    7.233626032407116e+01    3.456279192115579e-03
    7.238626607813919e+01    3.125704132879936e-03
    7.243627183220723e+01    3.237173332872164e-03
    7.248627758627525e+01    3.638873982298452e-03
    7.253628334034327e+01    4.043987340122340e-03
    7.258628909441131e+01    4.119613154048935e-03
    7.263629484847934e+01    3.168912060511714e-03
    7.268630060254738e+01    2.322183751445116e-03
    7.273630635661540e+01    1.514542077469931e-03
    7.278631211068344e+01    8.070673530820265e-04
    7.283631786475146e+01    1.029917121088107e-03
    7.288632361881949e+01    1.472438185573827e-03
    7.293632937288753e+01    9.596141372621892e-04
    7.298633512695555e+01    6.772899720886862e-04
    7.303634088102359e+01    1.117821002003498e-03
    7.308634663509162e+01    2.168687310057342e-03
    7.313635238915964e+01    3.686280872721529e-03
    7.318635814322768e+01    3.631740177588870e-03
    7.323636389729570e+01    1.898409924115070e-03
    7.328636965136374e+01    5.135253671575659e-04
    7.333637540543177e+01    1.975590322084435e-04
    7.338638115949979e+01    1.024039113623731e-03
    7.343638691356783e+01    3.174079630409763e-03
    7.348639266763585e+01    4.359040188836683e-03
    7.353639842170389e+01    2.924413066128529e-03
    7.358640417577192e+01    1.035757046158097e-03
    7.363640992983994e+01    6.384158167428416e-04
    7.368641568390798e+01    1.795925598999861e-03
    7.373642143797601e+01    2.898351265347886e-03
    7.378642719204404e+01    2.479006614633136e-03
    7.383643294611207e+01    1.242521184408639e-03
    7.388643870018011e+01    7.786026003167861e-04
    7.393644445424813e+01    1.353564755437197e-03
    7.398645020831616e+01    1.623456600018979e-03
    7.403645596238420e+01    1.312982547774027e-03
    7.408646171645222e+01    1.555385699877246e-03
    7.413646747052026e+01    1.777656018079699e-03
    7.418647322458828e+01    1.830323063512685e-03
    7.423647897865631e+01    2.943433466007532e-03
    7.428648473272435e+01    4.605359169846694e-03
    7.433649048679237e+01    3.739115085574675e-03
    7.438649624086041e+01    1.262755480374702e-03
    7.443650199492843e+01    1.865213122348840e-04
    7.448650774899646e+01    1.824560075343702e-04
    7.453651350306450e+01    5.737520413441848e-04
    7.458651925713252e+01    7.146892815017461e-04
    7.463652501120056e+01    4.937365352018801e-04
    7.468653076526859e+01    6.722532025312460e-04
    7.473653651933661e+01    9.699396430119339e-04
    7.478654227340465e+01    1.177935634489048e-03
    7.483654802747267e+01    1.507326052398092e-03
    7.488655378154071e+01    2.070346508033006e-03
    7.493655953560874e+01    3.013556015214970e-03
    7.498656528967678e+01    3.016463037375510e-03
    7.503657104374480e+01    1.845608526705348e-03
    7.508657679781282e+01    1.293643752751960e-03
    7.513658255188086e+01    1.749644402284712e-03
    7.518658830594889e+01    2.671535371995059e-03
    7.523659406001693e+01    3.904862854212143e-03
    7.528659981408495e+01    4.670507849939514e-03
    7.533660556815298e+01    5.021018825948292e-03
    7.538661132222101e+01    4.913496836328355e-03
    7.543661707628904e+01    3.250563204039105e-03
    7.548662283035708e+01    1.678649523487374e-03
    7.553662858442510e+01    1.858366454576539e-03
    7.558663433849313e+01    3.794490713657647e-03
    7.563664009256117e+01    5.689982512846793e-03
    7.568664584662919e+01    5.921986889795038e-03
    7.573665160069723e+01    5.804335022497912e-03
    7.578665735476525e+01    6.181936870320014e-03
    7.583666310883328e+01    4.960979939244019e-03
    7.588666886290132e+01    4.140902733131555e-03
    7.593667461696934e+01    4.757025561116226e-03
    7.598668037103738e+01    4.107148171619659e-03
    7.603668612510540e+01    3.466720061270707e-03
    7.608669187917344e+01    4.411349234430670e-03
    7.613669763324147e+01    4.560884010697166e-03
    7.618670338730949e+01    3.513291325057256e-03
    7.623670914137753e+01    3.040223091453050e-03
    7.628671489544556e+01    3.382319728298449e-03
    7.633672064951359e+01    3.342893475709789e-03
    7.638672640358162e+01    2.136016914886090e-03
    7.643673215764964e+01    8.378605766400229e-04
    7.648673791171768e+01    1.163388223546883e-03
    7.653674366578571e+01    2.750107086296963e-03
    7.658674941985375e+01    3.000507775163554e-03
    7.663675517392177e+01    2.099656180769202e-03
    7.668676092798979e+01    1.742184611364659e-03
    7.673676668205783e+01    2.220706866373165e-03
    7.678677243612586e+01    3.725548847430714e-03
    7.683677819019390e+01    4.515623371780459e-03
    7.688678394426192e+01    3.934193098963365e-03
    7.693678969832995e+01    3.731477021003595e-03
    7.698679545239798e+01    3.733983947707227e-03
    7.703680120646601e+01    2.699654819477957e-03
    7.708680696053405e+01    1.369380545891674e-03
    7.713681271460207e+01    1.359961265358805e-03
    7.718681846867011e+01    1.351503640702897e-03
    7.723682422273814e+01    6.100810585500674e-04
    7.728682997680616e+01    6.552037175586052e-04
    7.733683573087420e+01    2.096748274564988e-03
    7.738684148494222e+01    2.949462094705267e-03
    7.743684723901026e+01    2.086741886592609e-03
    7.748685299307829e+01    1.676147201494865e-03
    7.753685874714631e+01    1.186293619374546e-03
    7.758686450121435e+01    6.283195777785550e-04
    7.763687025528237e+01    7.605408500718573e-04
    7.768687600935041e+01    9.171818968324234e-04
    7.773688176341844e+01    1.543766983476147e-03
    7.778688751748646e+01    3.091285875938715e-03
    7.783689327155450e+01    4.035332636407387e-03
    7.788689902562253e+01    3.238871531889412e-03
    7.793690477969056e+01    2.668005976291086e-03
    7.798691053375859e+01    3.006311689721939e-03
    7.803691628782661e+01    2.251811215815333e-03
    7.808692204189465e+01    2.013418582385977e-03
    7.813692779596268e+01    2.447029415673215e-03
    7.818693355003072e+01    2.186690112742083e-03
    7.823693930409874e+01    1.756925642338047e-03
    7.828694505816676e+01    1.508727906082042e-03
    7.833695081223480e+01    2.765852196774616e-03
    7.838695656630283e+01    4.742478914872662e-03
    7.843696232037087e+01    5.071269385426028e-03
    7.848696807443889e+01    3.261376348525065e-03
    7.853697382850693e+01    2.424863119778142e-03
    7.858697958257495e+01    2.042526882404478e-03
    7.863698533664298e+01    1.285007251319438e-03
    7.868699109071102e+01    2.164232094767313e-03
    7.873699684477904e+01    3.917180168450486e-03
    7.878700259884708e+01    4.705456972413202e-03
    7.883700835291511e+01    4.245673024895332e-03
    7.888701410698313e+01    4.061790820481366e-03
    7.893701986105117e+01    5.016791551451405e-03
    7.898702561511919e+01    4.277472728464892e-03
    7.903703136918723e+01    2.087849656156342e-03
    7.908703712325526e+01    1.750181944348837e-03
    7.913704287732328e+01    3.017354971858729e-03
