# datatype real
# transposed true
# num_rows 31
# num_cols 27
    0.000000000000000e+00   -3.892873557612534e+01   -1.261462080497026e+01   -1.896337179124278e+00   -1.566756170508750e+00   -1.566756170396806e+00    1.254933347770922e-01    1.254933358069345e-01    1.343209461638994e-01    2.181743665540676e-01    4.832778319945010e-01    9.849941909255109e-01    9.849941924449388e-01    1.471045406012767e+00    6.724711400017792e+00    6.724711402378056e+00    8.270357084824287e+00    8.270357085030998e+00    9.471454915796341e+00    1.160434735489545e+01    1.492130854174059e+01    1.768447756750354e+01    2.102365336497726e+01    2.893022779207838e+01    2.893022779446926e+01    2.916111837668986e+01    3.080162746490115e+01
    3.046191121127589e+00   -3.942105425156460e+01   -1.251897312491925e+01   -3.062434352403147e+00   -1.484692854956758e+00   -1.171333279655723e+00    8.792488595299010e-02    1.220119919986647e-01    1.798150801661707e-01    2.199983175463428e-01    4.431784548486403e-01    9.664837330081674e-01    1.054312028456932e+00    1.485916685947319e+00    6.649514884451456e+00    7.424891511641762e+00    8.039191574206834e+00    8.270991960041162e+00    1.059369137667170e+01    1.159440884681014e+01    1.427909495541670e+01    1.664685399619450e+01    2.106778159574232e+01    2.890222423382867e+01    2.915667901544324e+01    2.920082953402439e+01    3.005176479963701e+01
    6.092382242255177e+00   -4.063164107320328e+01   -1.232690617322952e+01   -4.972718487072591e+00   -1.323110263901159e+00   -7.633634051275306e-01    3.158526755696857e-02    9.680994978540482e-02    2.042724966990855e-01    3.200191557766414e-01    4.014664725562125e-01    9.495121939168785e-01    1.162676204650336e+00    1.554964250312472e+00    6.503678632125030e+00    7.608055146661841e+00    8.299994449994221e+00    8.687644378181693e+00    1.137625424277284e+01    1.200324617779556e+01    1.261082088291280e+01    1.547100378468825e+01    2.131070216053702e+01    2.885423012218908e+01    2.903440859565695e+01    2.920834729771057e+01    2.987537500036745e+01
    9.138573363382765e+00   -4.121477755877789e+01   -1.224929494874377e+01   -5.706845118704494e+00   -1.258740277796172e+00   -6.099335124592425e-01    1.376897165049861e-02    8.665422177235461e-02    2.062655185943803e-01    3.875204817580960e-01    3.941264268887658e-01    9.468556708352434e-01    1.143989055547094e+00    1.639659432719990e+00    6.446009829625977e+00    7.521420246927860e+00    8.313777695898521e+00    9.116939855655415e+00    1.043157240126314e+01    1.165538096805757e+01    1.335872895733646e+01    1.521200239204924e+01    2.142886925025259e+01    2.875897560683640e+01    2.883691798305022e+01    2.925581026443127e+01    3.017297521888259e+01
    1.218476448451035e+01   -4.028885200618853e+01   -1.237644478341666e+01   -4.493851296949563e+00   -1.364446386833899e+00   -8.624081548683065e-01    4.424107284120298e-02    1.033695861535055e-01    2.036417369236393e-01    2.842107519250460e-01    4.088591893792229e-01    9.522120697189256e-01    1.149425812051518e+00    1.522943721966733e+00    6.540804704060945e+00    7.685047510605223e+00    8.291542095425095e+00    8.402570871228887e+00    1.152144790782047e+01    1.211457993580540e+01    1.261933956474587e+01    1.567629879156499e+01    2.123912056751167e+01    2.886579439832330e+01    2.918654582665836e+01    2.923464485600240e+01    2.970270740592922e+01
    1.523095560563794e+01   -3.919279793304776e+01   -1.256168734072294e+01   -2.602087793684612e+00   -1.521184837682633e+00   -1.288845329833977e+00    1.037037277024865e-01    1.273097098371863e-01    1.572949819270220e-01    2.179553399489298e-01    4.588352251405194e-01    9.735296458322986e-01    1.022065965262024e+00    1.479760310166721e+00    6.682818868974155e+00    7.126212246336810e+00    8.134981994413501e+00    8.267734821513395e+00    1.010552057601024e+01    1.160042238819360e+01    1.460982410491939e+01    1.708445712309153e+01    2.103624062555492e+01    2.891432036778733e+01    2.907686932829754e+01    2.915637249660595e+01    3.035745465667240e+01
    1.827714672676553e+01   -3.896513007107929e+01   -1.260707793862267e+01   -2.032548122226345e+00   -1.560237180515520e+00   -1.491688510129860e+00    1.222207006976588e-01    1.293900926954095e-01    1.341111818082164e-01    2.180745626137767e-01    4.793967815386207e-01    9.831391633884116e-01    9.899925774959735e-01    1.472419409938777e+00    6.718694652895297e+00    6.783885762105529e+00    8.250210983726623e+00    8.269136875176779e+00    9.564295511458459e+00    1.160398201199760e+01    1.488232792127849e+01    1.759726322811347e+01    2.102302830870950e+01    2.892789560412818e+01    2.895058168338339e+01    2.916010173637027e+01    3.073347702546417e+01
    2.132333784789312e+01   -3.971014686212133e+01   -1.246832623460768e+01   -3.582807036081303e+00   -1.441714911847864e+00   -1.054072715548961e+00    7.097914818496798e-02    1.154903649580261e-01    1.974792090001259e-01    2.319606317779360e-01    4.282777496935263e-01    9.600428980845955e-01    1.092750671969034e+00    1.494091328349139e+00    6.610506353604865e+00    7.713986353350598e+00    7.979400187661394e+00    8.277262652720557e+00    1.115146859439941e+01    1.158218703224062e+01    1.377682933469212e+01    1.621679049862291e+01    2.112018287851853e+01    2.888864883994986e+01    2.916203094158873e+01    2.934786878513716e+01    2.974650998464866e+01
    2.436952896902071e+01   -4.092772595332726e+01   -1.228654280584312e+01   -5.357024727658448e+00   -1.289577122535970e+00   -6.834500799105389e-01    2.203747235005355e-02    9.150188074238924e-02    2.050373284048113e-01    3.532510621893289e-01    3.967161855167475e-01    9.479179410420819e-01    1.159619720303750e+00    1.593466045302554e+00    6.473618604180956e+00    7.555226787201278e+00    8.307098364904636e+00    8.913649048590351e+00    1.098380757519119e+01    1.173828909699053e+01    1.300416556216214e+01    1.532922713859466e+01    2.137142111739068e+01    2.884511767591997e+01    2.888521000827264e+01    2.923092322099167e+01    3.002691715303326e+01
    2.741572009014830e+01   -4.108508474401020e+01   -1.226590806430779e+01   -5.551407414857371e+00   -1.272481611356749e+00   -6.427114538072546e-01    1.739592715694098e-02    8.880926631257166e-02    2.056392392583515e-01    3.720193874836664e-01    3.947576445753477e-01    9.472845454235874e-01    1.152563461445733e+00    1.617789098792247e+00    6.458309235607510e+00    7.534182679267574e+00    8.310786006049478e+00    9.026832056585963e+00    1.069024110176322e+01    1.168365074003999e+01    1.320157236088189e+01    1.526295809863099e+01    2.140310070982070e+01    2.881397792540911e+01    2.884055220888579e+01    2.924421669311496e+01    3.010714334803244e+01
    3.046191121127588e+01   -3.993952736403848e+01   -1.243052528145817e+01   -3.961654041076721e+00   -1.409823859717921e+00   -9.732558011182413e-01    5.941057914330826e-02    1.105293375461557e-01    2.019673736355939e-01    2.504926593832347e-01    4.192545590117472e-01    9.563043992348951e-01    1.119370811582107e+00    1.502666929194203e+00    6.581681163004728e+00    7.760151382114362e+00    8.098029134859889e+00    8.282832146932794e+00    1.155481721843164e+01    1.156681277123389e+01    1.332926740866508e+01    1.596190248150638e+01    2.116628979586302e+01    2.887899594986904e+01    2.916972204001182e+01    2.941273430397339e+01    2.959860504595997e+01
    3.350810233240347e+01   -4.024274612088538e+01   -1.233404587073592e+01   -3.835596713333802e+00   -2.591291155216413e+00   -5.001361196871245e-01    9.328739985436829e-02    1.071494717734554e-01    1.899527779738289e-01    2.466312005605535e-01    3.901201898113863e-01    1.021461815419737e+00    1.112804321804881e+00    1.508855705738754e+00    7.229740926385764e+00    7.759666200509910e+00    8.018234169881005e+00    8.077819095269437e+00    1.155202935081006e+01    1.264908472919096e+01    1.321906451382184e+01    1.445700122991256e+01    2.105633468040948e+01    2.898724532698099e+01    2.900693237218350e+01    2.918953581792012e+01    2.951371914049215e+01
    3.655429345353107e+01   -4.106696263902091e+01   -1.214201676711168e+01   -4.578104630374905e+00   -3.337172825679317e+00   -1.312091739406568e-01    5.877940020189543e-02    1.263898031246238e-01    2.449481473467931e-01    2.955138793607863e-01    3.670574789557708e-01    1.097170520841976e+00    1.183184669285584e+00    1.525288669369998e+00    7.618718832570844e+00    7.688577626622712e+00    7.953600098106449e+00    8.421964377081064e+00    1.108693282636984e+01    1.158995249345665e+01    1.299677524458536e+01    1.471572838656792e+01    2.108890296085492e+01    2.840019753150800e+01    2.869922601307519e+01    2.946575291279334e+01    2.987481475094955e+01
    3.960048457465865e+01   -4.149028035605384e+01   -1.206508101673936e+01   -5.228198314723586e+00   -3.223741242826994e+00   -3.592312690202965e-02    4.550257365778940e-02    1.115366872621422e-01    3.219154022184917e-01    3.377776061641918e-01    3.649061764353598e-01    1.092672188335977e+00    1.205845995384260e+00    1.576476734369359e+00    7.550478296057026e+00    7.641176867516073e+00    7.940842039785853e+00    8.803104095846491e+00    9.751886320988621e+00    1.150782510680894e+01    1.290614931432499e+01    1.549818976390938e+01    2.114434438070356e+01    2.822723670583142e+01    2.858585959154432e+01    2.946375739247185e+01    3.018259074964046e+01
    4.264667569578624e+01   -4.082498356568626e+01   -1.219132917937948e+01   -4.182696404446236e+00   -3.373022662484341e+00   -2.073123007174758e-01    6.757384293766797e-02    1.361914924452133e-01    2.077388389008354e-01    2.782470785051435e-01    3.698445015007779e-01    1.098707793929354e+00    1.148305431928314e+00    1.514408776708004e+00    7.655144646350827e+00    7.748463991519375e+00    7.949486064050052e+00    8.183105722732398e+00    1.147922073481091e+01    1.206898990039129e+01    1.305621839638462e+01    1.420519601846376e+01    2.106242565914723e+01    2.852823225290289e+01    2.877434984525214e+01    2.946176100809515e+01    2.969583910402050e+01
    4.569286681691383e+01   -4.009908803094142e+01   -1.237705873378564e+01   -3.886677741854969e+00   -2.149456594494209e+00   -6.330723035730967e-01    8.555826031188118e-02    1.015339138107345e-01    1.986675919184520e-01    2.436494885278888e-01    4.010636296247871e-01    9.896923293214780e-01    1.115623058980939e+00    1.506866410764542e+00    6.953367666064555e+00    7.762743048659206e+00    8.050244970778616e+00    8.165204967710167e+00    1.155851411806330e+01    1.217080734353843e+01    1.326737292778566e+01    1.514513674518226e+01    2.108875529734164e+01    2.901316990427761e+01    2.908297105919387e+01    2.921357444575762e+01    2.952479148272753e+01
    4.873905793804141e+01   -3.996104405186574e+01   -1.242289504054670e+01   -3.950578091477970e+00   -1.558139626184405e+00   -8.825954845253171e-01    6.317273772852887e-02    1.092613569157356e-01    2.021865595405675e-01    2.486706434725365e-01    4.162944871994761e-01    9.605748785774704e-01    1.118846182362219e+00    1.503384665283577e+00    6.636547195657476e+00    7.760910626356601e+00    8.090701219802611e+00    8.265722185424965e+00    1.156282628666960e+01    1.164679365799938e+01    1.332039358066751e+01    1.584883771092596e+01    2.115215134083450e+01    2.889934913909020e+01    2.915659326072767e+01    2.939042414272486e+01    2.957733420177770e+01
    5.178524905916900e+01   -4.043103083458037e+01   -1.228319090041699e+01   -3.810962465946457e+00   -3.037688608464911e+00   -3.795572074371036e-01    8.425282163565700e-02    1.299732234991209e-01    1.804932657391448e-01    2.550290986451472e-01    3.804676223593240e-01    1.062285044933619e+00    1.110672112887517e+00    1.510035986652400e+00    7.517176197071949e+00    7.753709884441361e+00    7.970312519758676e+00    8.013429907471382e+00    1.154042391018494e+01    1.310090307150280e+01    1.324741663210760e+01    1.363614814452118e+01    2.104252469101927e+01    2.881227177295958e+01    2.891921944420863e+01    2.933005774541781e+01    2.951673086303465e+01
    5.483144018029660e+01   -4.128022376539903e+01   -1.210195414593040e+01   -4.916000990681596e+00   -3.282411081416083e+00   -7.770121368161893e-02    5.178682297943912e-02    1.182439579402805e-01    2.832622433357623e-01    3.127478091530609e-01    3.661727062363280e-01    1.095120781284199e+00    1.201667003197844e+00    1.545152077996857e+00    7.583751560524482e+00    7.649828900184882e+00    7.952088679726032e+00    8.621498822903719e+00    1.041704441335271e+01    1.153377702506478e+01    1.294950582988274e+01    1.512530952051926e+01    2.111598180727158e+01    2.830647776664841e+01    2.863959454106437e+01    2.946519032351458e+01    3.003156100277682e+01
    5.787763130142419e+01   -4.139499592082232e+01   -1.208151516698646e+01   -5.089215865301166e+00   -3.250573219555761e+00   -5.359665236747851e-02    4.828342711355040e-02    1.143899822872092e-01    3.056344790059972e-01    3.235634285049971e-01    3.659885489457159e-01    1.093855961405218e+00    1.205724289496394e+00    1.560775945173591e+00    7.565435390057085e+00    7.639849055770675e+00    7.948000633362272e+00    8.722432211956113e+00    1.005280514244735e+01    1.151860060453775e+01    1.292546906338331e+01    1.533247162027582e+01    2.113134255071926e+01    2.826178141270740e+01    2.860967009683155e+01    2.946446023337225e+01    3.011452548710361e+01
    6.092382242255177e+01   -4.058472521438155e+01   -1.224533605056844e+01   -3.873447770593429e+00   -3.273293312676800e+00   -3.031931861736095e-01    7.736336954486139e-02    1.399991294359121e-01    1.822419283722082e-01    2.633689169273008e-01    3.751532043032246e-01    1.089583731755536e+00    1.114074151588477e+00    1.510831211624668e+00    7.648954409663756e+00    7.767451192415783e+00    7.936470148485548e+00    8.020623084934694e+00    1.152683844519799e+01    1.292276295538281e+01    1.314835711220383e+01    1.364308713228474e+01    2.104502734564408e+01    2.868738929142263e+01    2.885874950647054e+01    2.942106210846263e+01    2.954855650283751e+01
    6.397001354367936e+01   -3.999735811863849e+01   -1.438494420375101e+01   -3.160374018450374e+00   -2.762888143975460e+00    8.811144599090462e-02    1.372470658940849e-01    1.899609233565664e-01    2.127999604818473e-01    4.050266720479267e-01    8.236024165250558e-01    8.263386212383653e-01    1.356832332711317e+00    2.032216741208100e+00    6.962162725385451e+00    6.966992800514571e+00    9.801695930491945e+00    9.851764462617062e+00    1.079802729020267e+01    1.256769281616395e+01    1.310582839340108e+01    1.391480261815176e+01    2.172717001926484e+01    2.808195933863594e+01    2.819061641194540e+01    2.859258603385539e+01    2.870898820227679e+01
    6.701620466480695e+01   -3.890839268013707e+01   -1.717251639343588e+01   -1.548501386450569e+00   -1.276897244659661e+00    7.677281114953984e-02    1.935788964792193e-01    2.238885259556366e-01    2.485308474821568e-01    5.077718770473332e-01    5.117553991039564e-01    7.314360407204098e-01    1.444576619915367e+00    4.883136940478746e+00    5.608588899234510e+00    5.828682390399180e+00    9.112285485767366e+00    1.100063273402397e+01    1.321050849974386e+01    1.341820051242425e+01    1.353809271736645e+01    1.448916372103151e+01    2.297910922506674e+01    2.526855528759499e+01    2.529210860049381e+01    2.804693308724260e+01    2.808232150215700e+01
    7.006239578593454e+01   -3.849279379468562e+01   -1.801108111422808e+01   -5.794608407044967e-01   -3.960578433613228e-01    7.045524443230203e-02    2.121194730510408e-01    2.791638035982560e-01    2.926814948736473e-01    4.021380012204923e-01    4.112132548682295e-01    1.027936000633463e+00    1.267020520868956e+00    4.475604525319429e+00    4.810403556868633e+00    6.929121147480523e+00    8.346867948070781e+00    1.012333425101291e+01    1.365379306441242e+01    1.463696765824213e+01    1.485185229014314e+01    1.529635336946072e+01    2.345146827077069e+01    2.364272618323472e+01    2.369274402236049e+01    2.782063562689961e+01    2.787271056661644e+01
    7.310858690706213e+01   -3.918002835475068e+01   -1.656787952374208e+01   -2.037736919995632e+00   -1.734779684676012e+00    8.073916460134528e-02    1.799884824211904e-01    2.105823422669928e-01    2.391237930438584e-01    5.430516659864332e-01    5.750471785772080e-01    6.586307269784992e-01    1.468850914256496e+00    4.290693197372585e+00    6.013455766220718e+00    6.015455073050028e+00    9.560934706900783e+00    1.131615085306368e+01    1.243886837630538e+01    1.246601590219678e+01    1.339286743219095e+01    1.433739506181316e+01    2.266850157352618e+01    2.611283545211656e+01    2.614179936789582e+01    2.818919783694687e+01    2.821887359878816e+01
    7.615477802818972e+01   -4.025512231005278e+01   -1.353259010345579e+01   -3.461343254737477e+00   -3.006677974123810e+00    8.552779029617238e-02    1.188249856039174e-01    1.861293479631433e-01    1.897130754038653e-01    3.674511302301400e-01    7.919085692204558e-01    9.271236629122737e-01    1.085224892382157e+00    1.619457925246037e+00    7.222133794156507e+00    7.244244093219539e+00    9.066813238564123e+00    9.109292682464044e+00    1.112917549374399e+01    1.282289636641695e+01    1.302324579183062e+01    1.379109759260158e+01    2.142846557461012e+01    2.843901647736308e+01    2.870356374757700e+01    2.875939779976881e+01    2.900965812970314e+01
    7.920096914931732e+01   -4.053701097733780e+01   -1.245000019127826e+01   -3.807921638327199e+00   -3.237649131002691e+00   -1.667840775770605e-01    7.927247641856248e-02    1.428873110848898e-01    1.827458079491417e-01    2.802105686762921e-01    3.891795080037657e-01    1.063429209981802e+00    1.095983480665977e+00    1.517860691089556e+00    7.541657305845336e+00    7.623518280349471e+00    8.148145873876448e+00    8.249214282472904e+00    1.147147869765812e+01    1.293695658305037e+01    1.310170566700923e+01    1.366333819464553e+01    2.110065466414626e+01    2.865905340020634e+01    2.883752921666476e+01    2.932733047062434e+01    2.946628299368063e+01
    8.224716027044491e+01   -3.970001592935100e+01   -1.525497722037427e+01   -2.794294757263498e+00   -2.438375028900984e+00    8.693466790202459e-02    1.529596148900947e-01    1.955708139823030e-01    2.249968273035379e-01    4.553651255438027e-01    7.220201004054007e-01    7.469921906252847e-01    1.445405286192728e+00    2.837873554379236e+00    6.630298601828610e+00    6.654645550404737e+00    1.031093399003458e+01    1.065004807019736e+01    1.076526868989106e+01    1.228479178764297e+01    1.320555150130241e+01    1.406333133285345e+01    2.207065572858437e+01    2.747987821733230e+01    2.749602889632514e+01    2.844980184905043e+01    2.849683220412793e+01
    8.529335139157250e+01   -3.869086450555326e+01   -1.762353811668406e+01   -1.084490071660567e+00   -8.480895632779742e-01    7.349034388143386e-02    2.037833691805719e-01    2.418960954885382e-01    2.619039061333366e-01    4.552758515479537e-01    4.654625277731547e-01    8.451502875649449e-01    1.392321152768158e+00    4.838587455866352e+00    5.225890548260476e+00    6.205218288263936e+00    8.730624212911948e+00    1.061207946649828e+01    1.357205425553208e+01    1.395770736892025e+01    1.436128262376754e+01    1.461995853715064e+01    2.322679765491225e+01    2.450004220360277e+01    2.450011393061665e+01    2.792981616674637e+01    2.797299423002527e+01
    8.833954251270009e+01   -3.858083931602751e+01   -1.784141502556812e+01   -8.158145108495569e-01   -6.047549381223228e-01    7.181231171205692e-02    2.085519541049916e-01    2.575850033841032e-01    2.744140248181333e-01    4.274660881989694e-01    4.381165545583777e-01    9.282848615976910e-01    1.341550595675612e+00    4.659826108738165e+00    5.005008382793766e+00    6.569569541889636e+00    8.525190191056017e+00    1.036285887820017e+01    1.361753635994249e+01    1.436570594474799e+01    1.470230861506233e+01    1.486091565458901e+01    2.335167807525056e+01    2.404451605803874e+01    2.406751841902740e+01    2.786947073980368e+01    2.791740212789940e+01
    9.138573363382767e+01   -3.948329339114266e+01   -1.583016526118020e+01   -2.501457362227980e+00   -2.168551361390442e+00    8.472060479580769e-02    1.643005294141616e-01    2.007842308718492e-01    2.311336431347145e-01    4.982989667919399e-01    6.569363660008526e-01    6.933171726918886e-01    1.465723439370873e+00    3.450680970854255e+00    6.376219737494204e+00    6.405719851677905e+00    1.002871082496914e+01    1.111811036731816e+01    1.145220581184995e+01    1.213692200705540e+01    1.328138718172863e+01    1.417528199326450e+01    2.232029189593785e+01    2.694953322703590e+01    2.696222731346191e+01    2.834299475148649e+01    2.837544932844236e+01
